(0.154000,0.000000,0.000000);(0.065000,0.449000,0.000000);(0.065000,0.000000,0.000000)
(0.149793,0.619956,0.000000);(0.070207,0.619956,0.000000);(0.144956,0.545207,0.000000)
(0.154000,0.000000,0.000000);(0.154000,0.449000,0.000000);(0.065000,0.449000,0.000000)
(0.162041,0.595561,0.000000);(0.157470,0.608627,0.000000);(0.153987,0.555456,0.000000)
(0.157470,0.608627,0.000000);(0.149793,0.619956,0.000000);(0.153987,0.555456,0.000000)
(0.149793,0.619956,0.000000);(0.139544,0.628987,0.000000);(0.070207,0.619956,0.000000)
(0.070207,0.619956,0.000000);(0.139544,0.628987,0.000000);(0.080456,0.628987,0.000000)
(0.139544,0.628987,0.000000);(0.127277,0.635176,0.000000);(0.080456,0.628987,0.000000)
(0.127277,0.635176,0.000000);(0.117135,0.637511,0.000000);(0.110000,0.638000,0.000000)
(0.110000,0.638000,0.000000);(0.102865,0.637511,0.000000);(0.092723,0.635176,0.000000)
(0.092723,0.635176,0.000000);(0.080456,0.628987,0.000000);(0.127277,0.635176,0.000000)
(0.070207,0.619956,0.000000);(0.062530,0.608627,0.000000);(0.062530,0.561373,0.000000)
(0.062530,0.608627,0.000000);(0.057959,0.595561,0.000000);(0.057959,0.574439,0.000000)
(0.057959,0.574439,0.000000);(0.062530,0.561373,0.000000);(0.062530,0.608627,0.000000)
(0.062530,0.561373,0.000000);(0.070207,0.550044,0.000000);(0.070207,0.619956,0.000000)
(0.070207,0.550044,0.000000);(0.080456,0.541013,0.000000);(0.144956,0.545207,0.000000)
(0.080456,0.541013,0.000000);(0.092723,0.534824,0.000000);(0.133627,0.537530,0.000000)
(0.092723,0.534824,0.000000);(0.102865,0.532489,0.000000);(0.110000,0.532000,0.000000)
(0.120561,0.532959,0.000000);(0.133627,0.537530,0.000000);(0.092723,0.534824,0.000000)
(0.133627,0.537530,0.000000);(0.144956,0.545207,0.000000);(0.080456,0.541013,0.000000)
(0.144956,0.545207,0.000000);(0.153987,0.555456,0.000000);(0.149793,0.619956,0.000000)
(0.153987,0.555456,0.000000);(0.160176,0.567723,0.000000);(0.162041,0.595561,0.000000)
(0.160176,0.567723,0.000000);(0.162511,0.577865,0.000000);(0.163000,0.585000,0.000000)
(0.127277,0.635176,0.000000);(0.110000,0.638000,0.000000);(0.092723,0.635176,0.000000)
(0.057959,0.595561,0.000000);(0.057000,0.585000,0.000000);(0.057959,0.574439,0.000000)
(0.092723,0.534824,0.000000);(0.110000,0.532000,0.000000);(0.120561,0.532959,0.000000)
(0.160176,0.567723,0.000000);(0.163000,0.585000,0.000000);(0.162041,0.595561,0.000000)
(0.070207,0.619956,0.000000);(0.070207,0.550044,0.000000);(0.144956,0.545207,0.000000)