(0.066207,0.619955,0.000000);(0.066207,0.550044,0.000000);(0.140956,0.545207,0.000000)
(0.140037,-0.138889,0.000000);(0.144391,-0.121719,0.000000);(0.057629,-0.095035,0.000000)
(0.144391,-0.121719,0.000000);(0.149376,-0.081920,0.000000);(0.057629,-0.095035,0.000000)
(0.149376,-0.081920,0.000000);(0.150000,0.449000,0.000000);(0.060427,-0.078126,0.000000)
(0.150000,0.449000,0.000000);(0.061000,0.449000,0.000000);(0.060427,-0.078126,0.000000)
(0.134447,-0.154434,0.000000);(0.140037,-0.138889,0.000000);(0.050228,-0.114785,0.000000)
(0.119574,-0.181233,0.000000);(0.127625,-0.168500,0.000000);(0.039249,-0.131693,0.000000)
(0.127625,-0.168500,0.000000);(0.134447,-0.154434,0.000000);(0.050228,-0.114785,0.000000)
(0.099797,-0.203281,0.000000);(0.110296,-0.192778,0.000000);(0.039249,-0.131693,0.000000)
(0.110296,-0.192778,0.000000);(0.119574,-0.181233,0.000000);(0.039249,-0.131693,0.000000)
(0.061000,-0.230000,0.000000);(0.088079,-0.212889,0.000000);(0.025138,-0.145822,0.000000)
(0.088079,-0.212889,0.000000);(0.099797,-0.203281,0.000000);(0.025138,-0.145822,0.000000)
(0.012505,-0.154657,0.000000);(-0.006000,-0.164000,0.000000);(0.061000,-0.230000,0.000000)
(0.025138,-0.145822,0.000000);(0.012505,-0.154657,0.000000);(0.061000,-0.230000,0.000000)
(0.099797,-0.203281,0.000000);(0.039249,-0.131693,0.000000);(0.025138,-0.145822,0.000000)
(0.140037,-0.138889,0.000000);(0.057629,-0.095035,0.000000);(0.050228,-0.114785,0.000000)
(0.149376,-0.081920,0.000000);(0.060427,-0.078126,0.000000);(0.057629,-0.095035,0.000000)
(0.127625,-0.168500,0.000000);(0.050228,-0.114785,0.000000);(0.039249,-0.131693,0.000000)
(0.153470,0.608627,0.000000);(0.145793,0.619956,0.000000);(0.149987,0.555456,0.000000)
(0.145793,0.619956,0.000000);(0.135544,0.628987,0.000000);(0.076456,0.628987,0.000000)
(0.135544,0.628987,0.000000);(0.123277,0.635176,0.000000);(0.076456,0.628987,0.000000)
(0.123277,0.635176,0.000000);(0.113135,0.637511,0.000000);(0.102431,0.637999,0.000000)
(0.088723,0.635176,0.000000);(0.076456,0.628987,0.000000);(0.123277,0.635176,0.000000)
(0.102431,0.637999,0.000000);(0.088723,0.635176,0.000000);(0.123277,0.635176,0.000000)
(0.076456,0.628987,0.000000);(0.066207,0.619955,0.000000);(0.145793,0.619956,0.000000)
(0.066207,0.619955,0.000000);(0.058530,0.608627,0.000000);(0.058530,0.561373,0.000000)
(0.058530,0.608627,0.000000);(0.053959,0.595561,0.000000);(0.053000,0.585000,0.000000)
(0.053959,0.574439,0.000000);(0.058530,0.561373,0.000000);(0.053000,0.585000,0.000000)
(0.053000,0.585000,0.000000);(0.058530,0.561373,0.000000);(0.058530,0.608627,0.000000)
(0.058530,0.561373,0.000000);(0.066207,0.550044,0.000000);(0.066207,0.619955,0.000000)
(0.066207,0.550044,0.000000);(0.076456,0.541013,0.000000);(0.140956,0.545207,0.000000)
(0.076456,0.541013,0.000000);(0.088723,0.534824,0.000000);(0.129627,0.537530,0.000000)
(0.116561,0.532959,0.000000);(0.129627,0.537530,0.000000);(0.102431,0.532001,0.000000)
(0.102431,0.532001,0.000000);(0.129627,0.537530,0.000000);(0.088723,0.534824,0.000000)
(0.129627,0.537530,0.000000);(0.140956,0.545207,0.000000);(0.076456,0.541013,0.000000)
(0.140956,0.545207,0.000000);(0.149987,0.555456,0.000000);(0.145793,0.619956,0.000000)
(0.149987,0.555456,0.000000);(0.156176,0.567723,0.000000);(0.153470,0.608627,0.000000)
(0.158041,0.595561,0.000000);(0.153470,0.608627,0.000000);(0.158999,0.581431,0.000000)
(0.158999,0.581431,0.000000);(0.153470,0.608627,0.000000);(0.156176,0.567723,0.000000)
(0.140956,0.545207,0.000000);(0.145793,0.619956,0.000000);(0.066207,0.619955,0.000000)