(0.109063,-0.111251,0.000000);(0.092488,-0.126186,0.000000);(0.154239,-0.184564,0.000000)
(0.276180,0.216327,0.000000);(0.305000,0.219000,0.000000);(0.276180,0.301673,0.000000)
(0.305000,0.219000,0.000000);(0.305000,0.299000,0.000000);(0.276180,0.301673,0.000000)
(0.276180,0.216327,0.000000);(0.276180,0.301673,0.000000);(0.224000,0.259000,0.000000)
(0.254625,0.207875,0.000000);(0.276180,0.216327,0.000000);(0.224000,0.259000,0.000000)
(0.276180,0.301673,0.000000);(0.254625,0.310125,0.000000);(0.224000,0.259000,0.000000)
(0.237072,0.194896,0.000000);(0.254625,0.207875,0.000000);(0.224000,0.259000,0.000000)
(0.254625,0.310125,0.000000);(0.237072,0.323104,0.000000);(0.224000,0.259000,0.000000)
(0.237072,0.194896,0.000000);(0.224000,0.259000,0.000000);(0.197012,0.245531,0.000000)
(0.224000,0.259000,0.000000);(0.237072,0.323104,0.000000);(0.197012,0.272469,0.000000)
(0.220439,0.169695,0.000000);(0.237072,0.194896,0.000000);(0.169682,0.224110,0.000000)
(0.211963,0.143593,0.000000);(0.220439,0.169695,0.000000);(0.144809,0.189230,0.000000)
(0.237072,0.194896,0.000000);(0.197012,0.245531,0.000000);(0.169682,0.224110,0.000000)
(0.194033,-0.121043,0.000000);(0.200912,-0.085463,0.000000);(0.119064,-0.085042,0.000000)
(0.200912,-0.085463,0.000000);(0.205787,0.103491,0.000000);(0.119064,-0.085042,0.000000)
(0.178260,-0.157609,0.000000);(0.194033,-0.121043,0.000000);(0.109063,-0.111251,0.000000)
(0.154239,-0.184564,0.000000);(0.178260,-0.157609,0.000000);(0.109063,-0.111251,0.000000)
(0.120839,-0.202083,0.000000);(0.154239,-0.184564,0.000000);(0.092488,-0.126186,0.000000)
(0.087271,-0.208713,0.000000);(0.120839,-0.202083,0.000000);(0.092488,-0.126186,0.000000)
(0.087271,-0.208713,0.000000);(0.092488,-0.126186,0.000000);(0.068528,-0.132282,0.000000)
(0.023000,-0.134000,0.000000);(0.023000,-0.210000,0.000000);(0.068528,-0.132282,0.000000)
(0.023000,-0.210000,0.000000);(0.087271,-0.208713,0.000000);(0.068528,-0.132282,0.000000)
(0.194033,-0.121043,0.000000);(0.119064,-0.085042,0.000000);(0.109063,-0.111251,0.000000)
(0.205787,0.103491,0.000000);(0.211963,0.143593,0.000000);(0.131778,0.148926,0.000000)
(0.205787,0.414509,0.000000);(0.200912,0.603463,0.000000);(0.119064,0.603041,0.000000)
(0.200912,0.603463,0.000000);(0.194033,0.639043,0.000000);(0.119064,0.603041,0.000000)
(0.194033,0.639043,0.000000);(0.178259,0.675609,0.000000);(0.109063,0.629251,0.000000)
(0.178259,0.675609,0.000000);(0.154239,0.702564,0.000000);(0.109063,0.629251,0.000000)
(0.154239,0.702564,0.000000);(0.120839,0.720083,0.000000);(0.092488,0.644186,0.000000)
(0.120839,0.720083,0.000000);(0.087271,0.726713,0.000000);(0.092488,0.644186,0.000000)
(0.092488,0.644186,0.000000);(0.087271,0.726713,0.000000);(0.068528,0.650282,0.000000)
(0.087271,0.726713,0.000000);(0.023000,0.728000,0.000000);(0.068528,0.650282,0.000000)
(0.023000,0.728000,0.000000);(0.023000,0.652000,0.000000);(0.068528,0.650282,0.000000)
(0.119064,0.603041,0.000000);(0.194033,0.639043,0.000000);(0.109063,0.629251,0.000000)
(0.211963,0.374407,0.000000);(0.205787,0.414509,0.000000);(0.131778,0.369074,0.000000)
(0.154239,0.702564,0.000000);(0.092488,0.644186,0.000000);(0.109063,0.629251,0.000000)
(0.119064,0.603041,0.000000);(0.124347,0.418051,0.000000);(0.205787,0.414509,0.000000)
(0.124347,0.418051,0.000000);(0.131778,0.369074,0.000000);(0.205787,0.414509,0.000000)
(0.211963,0.374407,0.000000);(0.131778,0.369074,0.000000);(0.144809,0.328770,0.000000)
(0.220439,0.348305,0.000000);(0.211963,0.374407,0.000000);(0.144809,0.328770,0.000000)
(0.144809,0.328770,0.000000);(0.169682,0.293890,0.000000);(0.220439,0.348305,0.000000)
(0.169682,0.293890,0.000000);(0.197012,0.272469,0.000000);(0.237072,0.323104,0.000000)
(0.169682,0.293890,0.000000);(0.237072,0.323104,0.000000);(0.220439,0.348305,0.000000)
(0.169682,0.224110,0.000000);(0.144809,0.189230,0.000000);(0.220439,0.169695,0.000000)
(0.144809,0.189230,0.000000);(0.131778,0.148926,0.000000);(0.211963,0.143593,0.000000)
(0.131778,0.148926,0.000000);(0.124347,0.099949,0.000000);(0.205787,0.103491,0.000000)
(0.124347,0.099949,0.000000);(0.119064,-0.085042,0.000000);(0.205787,0.103491,0.000000)