(0.189971,0.472600,0.000000);(0.201000,0.467000,0.000000);(0.216000,0.467000,0.000000)
(0.220968,0.724688,0.000000);(0.210000,0.726000,0.000000);(0.238565,0.709868,0.000000)
(0.220968,0.724688,0.000000);(0.238565,0.709868,0.000000);(0.231508,0.718997,0.000000)
(0.210000,0.726000,0.000000);(0.199046,0.724627,0.000000);(0.181002,0.709185,0.000000)
(0.188319,0.718666,0.000000);(0.181002,0.709185,0.000000);(0.199046,0.724627,0.000000)
(0.181002,0.709185,0.000000);(0.176789,0.697256,0.000000);(0.242523,0.698185,0.000000)
(0.181002,0.709185,0.000000);(0.242523,0.698185,0.000000);(0.210000,0.726000,0.000000)
(0.176789,0.697256,0.000000);(0.175547,0.687187,0.000000);(0.243609,0.688031,0.000000)
(0.175547,0.687187,0.000000);(0.175988,0.674183,0.000000);(0.243032,0.674603,0.000000)
(0.176789,0.697256,0.000000);(0.243609,0.688031,0.000000);(0.242523,0.698185,0.000000)
(0.175988,0.674183,0.000000);(0.201982,0.538043,0.000000);(0.217000,0.538000,0.000000)
(0.242523,0.698185,0.000000);(0.238565,0.709868,0.000000);(0.210000,0.726000,0.000000)
(0.243032,0.674603,0.000000);(0.243609,0.688031,0.000000);(0.175547,0.687187,0.000000)
(0.222892,0.536139,0.000000);(0.217000,0.538000,0.000000);(0.195769,0.535800,0.000000)
(0.177000,0.513000,0.000000);(0.222892,0.536139,0.000000);(0.195769,0.535800,0.000000)
(0.217000,0.538000,0.000000);(0.243032,0.674603,0.000000);(0.175988,0.674183,0.000000)
(0.201982,0.538043,0.000000);(0.195769,0.535800,0.000000);(0.217000,0.538000,0.000000)
(0.195769,0.535800,0.000000);(0.181874,0.527173,0.000000);(0.177000,0.513000,0.000000)
(0.181874,0.527173,0.000000);(0.076806,0.618317,0.000000);(0.043214,0.559287,0.000000)
(0.076806,0.618317,0.000000);(0.068232,0.624141,0.000000);(0.043214,0.559287,0.000000)
(0.068232,0.624141,0.000000);(0.056250,0.629542,0.000000);(0.023913,0.571655,0.000000)
(0.056250,0.629542,0.000000);(0.044201,0.631730,0.000000);(0.016000,0.615000,0.000000)
(0.044201,0.631730,0.000000);(0.032796,0.629992,0.000000);(0.022604,0.623662,0.000000)
(0.022604,0.623662,0.000000);(0.016000,0.615000,0.000000);(0.044201,0.631730,0.000000)
(0.016000,0.615000,0.000000);(0.011692,0.604733,0.000000);(0.015847,0.581290,0.000000)
(0.011417,0.592394,0.000000);(0.015847,0.581290,0.000000);(0.011692,0.604733,0.000000)
(0.015847,0.581290,0.000000);(0.023913,0.571655,0.000000);(0.056250,0.629542,0.000000)
(0.023913,0.571655,0.000000);(0.031891,0.565500,0.000000);(0.068232,0.624141,0.000000)
(0.031891,0.565500,0.000000);(0.043214,0.559287,0.000000);(0.068232,0.624141,0.000000)
(0.177000,0.513000,0.000000);(0.175021,0.507575,0.000000);(0.175810,0.491990,0.000000)
(0.043214,0.559287,0.000000);(0.177000,0.513000,0.000000);(0.181874,0.527173,0.000000)
(0.016000,0.615000,0.000000);(0.015847,0.581290,0.000000);(0.056250,0.629542,0.000000)
(0.229872,0.532461,0.000000);(0.222892,0.536139,0.000000);(0.177000,0.513000,0.000000)
(0.352656,0.623687,0.000000);(0.341774,0.616896,0.000000);(0.375226,0.558477,0.000000)
(0.341774,0.616896,0.000000);(0.237088,0.526123,0.000000);(0.375226,0.558477,0.000000)
(0.237088,0.526123,0.000000);(0.229872,0.532461,0.000000);(0.245184,0.506221,0.000000)
(0.361883,0.627610,0.000000);(0.352656,0.623687,0.000000);(0.387109,0.564766,0.000000)
(0.374161,0.629892,0.000000);(0.361883,0.627610,0.000000);(0.395330,0.570809,0.000000)
(0.385897,0.628264,0.000000);(0.374161,0.629892,0.000000);(0.396343,0.621898,0.000000)
(0.396343,0.621898,0.000000);(0.374161,0.629892,0.000000);(0.403000,0.613000,0.000000)
(0.407359,0.602753,0.000000);(0.403000,0.613000,0.000000);(0.403405,0.580068,0.000000)
(0.407359,0.602753,0.000000);(0.403405,0.580068,0.000000);(0.407730,0.590738,0.000000)
(0.395330,0.570809,0.000000);(0.403405,0.580068,0.000000);(0.403000,0.613000,0.000000)
(0.375226,0.558477,0.000000);(0.387109,0.564766,0.000000);(0.352656,0.623687,0.000000)
(0.387109,0.564766,0.000000);(0.395330,0.570809,0.000000);(0.361883,0.627610,0.000000)
(0.244061,0.513006,0.000000);(0.375226,0.558477,0.000000);(0.237088,0.526123,0.000000)
(0.395330,0.570809,0.000000);(0.403000,0.613000,0.000000);(0.374161,0.629892,0.000000)
(0.229872,0.532461,0.000000);(0.177000,0.513000,0.000000);(0.245184,0.506221,0.000000)
(0.386109,0.438500,0.000000);(0.374786,0.444713,0.000000);(0.341194,0.385894,0.000000)
(0.374786,0.444713,0.000000);(0.244000,0.490000,0.000000);(0.341194,0.385894,0.000000)
(0.244000,0.490000,0.000000);(0.245184,0.506221,0.000000);(0.225808,0.470665,0.000000)
(0.245184,0.506221,0.000000);(0.244061,0.513006,0.000000);(0.237088,0.526123,0.000000)
(0.394087,0.432345,0.000000);(0.386109,0.438500,0.000000);(0.352500,0.378875,0.000000)
(0.245184,0.506221,0.000000);(0.177000,0.513000,0.000000);(0.225808,0.470665,0.000000)
(0.386109,0.438500,0.000000);(0.341194,0.385894,0.000000);(0.352500,0.378875,0.000000)
(0.402153,0.422709,0.000000);(0.394087,0.432345,0.000000);(0.361785,0.374889,0.000000)
(0.406583,0.411606,0.000000);(0.402153,0.422709,0.000000);(0.406308,0.399267,0.000000)
(0.395398,0.380379,0.000000);(0.402000,0.389000,0.000000);(0.373830,0.372609,0.000000)
(0.402000,0.389000,0.000000);(0.406308,0.399267,0.000000);(0.402153,0.422709,0.000000)
(0.361785,0.374889,0.000000);(0.402000,0.389000,0.000000);(0.402153,0.422709,0.000000)
(0.373830,0.372609,0.000000);(0.385225,0.374193,0.000000);(0.395398,0.380379,0.000000)
(0.361785,0.374889,0.000000);(0.373830,0.372609,0.000000);(0.402000,0.389000,0.000000)
(0.352500,0.378875,0.000000);(0.361785,0.374889,0.000000);(0.394087,0.432345,0.000000)
(0.236000,0.477000,0.000000);(0.341194,0.385894,0.000000);(0.244000,0.490000,0.000000)
(0.225808,0.470665,0.000000);(0.236000,0.477000,0.000000);(0.244000,0.490000,0.000000)
(0.242629,0.319994,0.000000);(0.242012,0.329836,0.000000);(0.174968,0.329206,0.000000)
(0.242012,0.329836,0.000000);(0.216000,0.467000,0.000000);(0.201000,0.467000,0.000000)
(0.174968,0.329206,0.000000);(0.242012,0.329836,0.000000);(0.201000,0.467000,0.000000)
(0.216000,0.467000,0.000000);(0.225808,0.470665,0.000000);(0.189971,0.472600,0.000000)
(0.175021,0.507575,0.000000);(0.174126,0.501119,0.000000);(0.175810,0.491990,0.000000)
(0.175810,0.491990,0.000000);(0.042774,0.445523,0.000000);(0.182000,0.479000,0.000000)
(0.042774,0.445523,0.000000);(0.030891,0.439234,0.000000);(0.068081,0.381799,0.000000)
(0.068081,0.381799,0.000000);(0.030891,0.439234,0.000000);(0.056146,0.376668,0.000000)
(0.030891,0.439234,0.000000);(0.022670,0.433191,0.000000);(0.056146,0.376668,0.000000)
(0.043858,0.374517,0.000000);(0.022670,0.433191,0.000000);(0.015000,0.391000,0.000000)
(0.022670,0.433191,0.000000);(0.014595,0.423932,0.000000);(0.015000,0.391000,0.000000)
(0.014595,0.423932,0.000000);(0.010270,0.413262,0.000000);(0.010641,0.401248,0.000000)
(0.010641,0.401248,0.000000);(0.015000,0.391000,0.000000);(0.014595,0.423932,0.000000)
(0.015000,0.391000,0.000000);(0.021640,0.382414,0.000000);(0.043858,0.374517,0.000000)
(0.032101,0.376180,0.000000);(0.043858,0.374517,0.000000);(0.021640,0.382414,0.000000)
(0.043858,0.374517,0.000000);(0.056146,0.376668,0.000000);(0.022670,0.433191,0.000000)
(0.068081,0.381799,0.000000);(0.076226,0.387123,0.000000);(0.042774,0.445523,0.000000)
(0.182000,0.479000,0.000000);(0.189971,0.472600,0.000000);(0.175810,0.491990,0.000000)
(0.076226,0.387123,0.000000);(0.182000,0.479000,0.000000);(0.042774,0.445523,0.000000)
(0.225808,0.470665,0.000000);(0.177000,0.513000,0.000000);(0.189971,0.472600,0.000000)
(0.177000,0.513000,0.000000);(0.175810,0.491990,0.000000);(0.189971,0.472600,0.000000)
(0.241212,0.307021,0.000000);(0.242629,0.319994,0.000000);(0.174391,0.315688,0.000000)
(0.242629,0.319994,0.000000);(0.174968,0.329206,0.000000);(0.174391,0.315688,0.000000)
(0.237007,0.295241,0.000000);(0.241212,0.307021,0.000000);(0.175478,0.305641,0.000000)
(0.229696,0.285791,0.000000);(0.237007,0.295241,0.000000);(0.218956,0.279668,0.000000)
(0.218956,0.279668,0.000000);(0.237007,0.295241,0.000000);(0.175478,0.305641,0.000000)
(0.208000,0.278000,0.000000);(0.218956,0.279668,0.000000);(0.175478,0.305641,0.000000)
(0.197007,0.279577,0.000000);(0.208000,0.278000,0.000000);(0.175478,0.305641,0.000000)
(0.179423,0.294225,0.000000);(0.197007,0.279577,0.000000);(0.175478,0.305641,0.000000)
(0.179423,0.294225,0.000000);(0.186461,0.285296,0.000000);(0.197007,0.279577,0.000000)
(0.174391,0.315688,0.000000);(0.175478,0.305641,0.000000);(0.241212,0.307021,0.000000)