(0.099261,-0.035629,0.000000);(0.154601,-0.044344,0.000000);(0.101359,-0.017672,0.000000)
(0.154106,0.437642,0.000000);(0.069358,0.443106,0.000000);(0.063894,0.358358,0.000000)
(0.168688,0.079813,0.000000);(0.159635,0.099646,0.000000);(0.101000,0.011000,0.000000)
(0.159635,0.099646,0.000000);(0.147114,0.115365,0.000000);(0.048003,0.065966,0.000000)
(0.048003,0.065966,0.000000);(0.147114,0.115365,0.000000);(0.049084,0.084329,0.000000)
(0.147114,0.115365,0.000000);(0.135766,0.123641,0.000000);(0.113901,0.130875,0.000000)
(0.135766,0.123641,0.000000);(0.127199,0.127653,0.000000);(0.113901,0.130875,0.000000)
(0.113901,0.130875,0.000000);(0.095459,0.130102,0.000000);(0.147114,0.115365,0.000000)
(0.095459,0.130102,0.000000);(0.080546,0.125741,0.000000);(0.049084,0.084329,0.000000)
(0.052594,0.096406,0.000000);(0.080546,0.125741,0.000000);(0.057920,0.106978,0.000000)
(0.080546,0.125741,0.000000);(0.067877,0.118008,0.000000);(0.057920,0.106978,0.000000)
(0.052594,0.096406,0.000000);(0.049084,0.084329,0.000000);(0.080546,0.125741,0.000000)
(0.048003,0.065966,0.000000);(0.050557,0.051170,0.000000);(0.089412,0.013297,0.000000)
(0.050557,0.051170,0.000000);(0.056247,0.038252,0.000000);(0.075945,0.019040,0.000000)
(0.064800,0.027451,0.000000);(0.075945,0.019040,0.000000);(0.056247,0.038252,0.000000)
(0.075945,0.019040,0.000000);(0.089412,0.013297,0.000000);(0.050557,0.051170,0.000000)
(0.089412,0.013297,0.000000);(0.101000,0.011000,0.000000);(0.159635,0.099646,0.000000)
(0.048003,0.065966,0.000000);(0.089412,0.013297,0.000000);(0.159635,0.099646,0.000000)
(0.147114,0.115365,0.000000);(0.095459,0.130102,0.000000);(0.049084,0.084329,0.000000)
(0.173917,0.056815,0.000000);(0.168688,0.079813,0.000000);(0.101000,0.011000,0.000000)
(0.175000,0.038000,0.000000);(0.173917,0.056815,0.000000);(0.101000,0.011000,0.000000)
(0.171694,0.002500,0.000000);(0.174170,0.019865,0.000000);(0.101000,0.011000,0.000000)
(0.174170,0.019865,0.000000);(0.175000,0.038000,0.000000);(0.101000,0.011000,0.000000)
(0.161889,-0.029667,0.000000);(0.167594,-0.014031,0.000000);(0.101359,-0.017672,0.000000)
(0.167594,-0.014031,0.000000);(0.171694,0.002500,0.000000);(0.101000,0.011000,0.000000)
(0.145750,-0.058000,0.000000);(0.154601,-0.044344,0.000000);(0.099261,-0.035629,0.000000)
(0.154601,-0.044344,0.000000);(0.161889,-0.029667,0.000000);(0.101359,-0.017672,0.000000)
(0.145750,-0.058000,0.000000);(0.099261,-0.035629,0.000000);(0.095754,-0.048981,0.000000)
(0.123444,-0.082000,0.000000);(0.135358,-0.070573,0.000000);(0.095754,-0.048981,0.000000)
(0.135358,-0.070573,0.000000);(0.145750,-0.058000,0.000000);(0.095754,-0.048981,0.000000)
(0.123444,-0.082000,0.000000);(0.095754,-0.048981,0.000000);(0.087728,-0.065878,0.000000)
(0.095139,-0.101167,0.000000);(0.110031,-0.092219,0.000000);(0.087728,-0.065878,0.000000)
(0.110031,-0.092219,0.000000);(0.123444,-0.082000,0.000000);(0.087728,-0.065878,0.000000)
(0.061000,-0.115000,0.000000);(0.078788,-0.108781,0.000000);(0.061000,-0.096000,0.000000)
(0.078788,-0.108781,0.000000);(0.095139,-0.101167,0.000000);(0.078338,-0.078699,0.000000)
(0.078338,-0.078699,0.000000);(0.061000,-0.096000,0.000000);(0.078788,-0.108781,0.000000)
(0.087728,-0.065878,0.000000);(0.078338,-0.078699,0.000000);(0.095139,-0.101167,0.000000)
(0.167594,-0.014031,0.000000);(0.101000,0.011000,0.000000);(0.101359,-0.017672,0.000000)
(0.113068,0.457999,0.000000);(0.096985,0.456918,0.000000);(0.082171,0.451767,0.000000)
(0.128634,0.454817,0.000000);(0.113068,0.457999,0.000000);(0.082171,0.451767,0.000000)
(0.082171,0.451767,0.000000);(0.069358,0.443106,0.000000);(0.128634,0.454817,0.000000)
(0.069358,0.443106,0.000000);(0.059161,0.431525,0.000000);(0.063894,0.358358,0.000000)
(0.059161,0.431525,0.000000);(0.052183,0.417634,0.000000);(0.050082,0.385985,0.000000)
(0.049001,0.402068,0.000000);(0.050082,0.385985,0.000000);(0.052183,0.417634,0.000000)
(0.055233,0.371171,0.000000);(0.063894,0.358358,0.000000);(0.059161,0.431525,0.000000)
(0.050082,0.385985,0.000000);(0.055233,0.371171,0.000000);(0.059161,0.431525,0.000000)
(0.063894,0.358358,0.000000);(0.075475,0.348161,0.000000);(0.142525,0.348161,0.000000)
(0.075475,0.348161,0.000000);(0.089366,0.341183,0.000000);(0.142525,0.348161,0.000000)
(0.100887,0.338550,0.000000);(0.113068,0.338001,0.000000);(0.089366,0.341183,0.000000)
(0.089366,0.341183,0.000000);(0.113068,0.338001,0.000000);(0.142525,0.348161,0.000000)
(0.128634,0.341183,0.000000);(0.142525,0.348161,0.000000);(0.113068,0.338001,0.000000)
(0.142525,0.348161,0.000000);(0.154106,0.358358,0.000000);(0.154106,0.437642,0.000000)
(0.154106,0.358358,0.000000);(0.162767,0.371171,0.000000);(0.162767,0.424829,0.000000)
(0.167918,0.385985,0.000000);(0.169000,0.398000,0.000000);(0.162767,0.371171,0.000000)
(0.169000,0.398000,0.000000);(0.167918,0.410015,0.000000);(0.162767,0.371171,0.000000)
(0.162767,0.424829,0.000000);(0.154106,0.437642,0.000000);(0.154106,0.358358,0.000000)
(0.167918,0.410015,0.000000);(0.162767,0.424829,0.000000);(0.162767,0.371171,0.000000)
(0.154106,0.437642,0.000000);(0.142525,0.447839,0.000000);(0.069358,0.443106,0.000000)
(0.142525,0.447839,0.000000);(0.128634,0.454817,0.000000);(0.069358,0.443106,0.000000)
(0.063894,0.358358,0.000000);(0.142525,0.348161,0.000000);(0.154106,0.437642,0.000000)