(0.416000,-0.009000,0.000000);(0.512704,-0.001222,0.000000);(0.444053,0.081019,0.000000)
(0.512704,-0.001222,0.000000);(0.577804,0.014109,0.000000);(0.523215,0.094071,0.000000)
(0.577804,0.014109,0.000000);(0.663000,0.051000,0.000000);(0.584185,0.115815,0.000000)
(0.523215,0.094071,0.000000);(0.577804,0.014109,0.000000);(0.584185,0.115815,0.000000)
(0.663000,0.051000,0.000000);(0.663000,0.158000,0.000000);(0.584185,0.115815,0.000000)
(0.299852,0.006255,0.000000);(0.354981,-0.005041,0.000000);(0.365407,0.085401,0.000000)
(0.354981,-0.005041,0.000000);(0.416000,-0.009000,0.000000);(0.365407,0.085401,0.000000)
(0.228014,0.034013,0.000000);(0.299852,0.006255,0.000000);(0.295646,0.106242,0.000000)
(0.151851,0.089733,0.000000);(0.228014,0.034013,0.000000);(0.237508,0.141821,0.000000)
(0.096825,0.159481,0.000000);(0.151851,0.089733,0.000000);(0.192614,0.190474,0.000000)
(0.062369,0.236491,0.000000);(0.096825,0.159481,0.000000);(0.169063,0.234984,0.000000)
(0.047997,0.313248,0.000000);(0.062369,0.236491,0.000000);(0.153637,0.284438,0.000000)
(0.054433,0.406593,0.000000);(0.047997,0.313248,0.000000);(0.149000,0.340000,0.000000)
(0.084975,0.496717,0.000000);(0.054433,0.406593,0.000000);(0.153732,0.394490,0.000000)
(0.136955,0.572908,0.000000);(0.084975,0.496717,0.000000);(0.176188,0.459729,0.000000)
(0.207706,0.632475,0.000000);(0.136955,0.572908,0.000000);(0.214297,0.515035,0.000000)
(0.265970,0.558366,0.000000);(0.207706,0.632475,0.000000);(0.214297,0.515035,0.000000)
(0.294526,0.672720,0.000000);(0.207706,0.632475,0.000000);(0.265970,0.558366,0.000000)
(0.398403,0.691334,0.000000);(0.294526,0.672720,0.000000);(0.329071,0.587684,0.000000)
(0.398403,0.691334,0.000000);(0.382877,0.598729,0.000000);(0.439400,0.601127,0.000000)
(0.569556,0.666852,0.000000);(0.493111,0.685148,0.000000);(0.516943,0.589800,0.000000)
(0.493111,0.685148,0.000000);(0.398403,0.691334,0.000000);(0.439400,0.601127,0.000000)
(0.656000,0.530000,0.000000);(0.656000,0.635000,0.000000);(0.575296,0.570185,0.000000)
(0.656000,0.635000,0.000000);(0.569556,0.666852,0.000000);(0.575296,0.570185,0.000000)
(0.294526,0.672720,0.000000);(0.265970,0.558366,0.000000);(0.329071,0.587684,0.000000)
(0.054433,0.406593,0.000000);(0.149000,0.340000,0.000000);(0.153732,0.394490,0.000000)
(0.062369,0.236491,0.000000);(0.169063,0.234984,0.000000);(0.153637,0.284438,0.000000)
(0.444053,0.081019,0.000000);(0.512704,-0.001222,0.000000);(0.523215,0.094071,0.000000)
(0.365407,0.085401,0.000000);(0.416000,-0.009000,0.000000);(0.444053,0.081019,0.000000)
(0.096825,0.159481,0.000000);(0.192614,0.190474,0.000000);(0.169063,0.234984,0.000000)
(0.214297,0.515035,0.000000);(0.136955,0.572908,0.000000);(0.176188,0.459729,0.000000)
(0.575296,0.570185,0.000000);(0.569556,0.666852,0.000000);(0.516943,0.589800,0.000000)
(0.516943,0.589800,0.000000);(0.493111,0.685148,0.000000);(0.439400,0.601127,0.000000)
(0.299852,0.006255,0.000000);(0.365407,0.085401,0.000000);(0.295646,0.106242,0.000000)
(0.382877,0.598729,0.000000);(0.398403,0.691334,0.000000);(0.329071,0.587684,0.000000)
(0.228014,0.034013,0.000000);(0.295646,0.106242,0.000000);(0.237508,0.141821,0.000000)
(0.151851,0.089733,0.000000);(0.237508,0.141821,0.000000);(0.192614,0.190474,0.000000)
(0.176188,0.459729,0.000000);(0.084975,0.496717,0.000000);(0.153732,0.394490,0.000000)
(0.047997,0.313248,0.000000);(0.153637,0.284438,0.000000);(0.149000,0.340000,0.000000)