(0.220010,-0.517094,0.431488);(0.000000,-0.580177,0.402933);(0.227720,-0.535213,0.402933)
(0.213013,-0.500648,0.441007);(0.000000,-0.560536,0.431488);(0.220010,-0.517094,0.431488)
(0.209573,-0.492564,0.431488);(0.000000,-0.542707,0.441007);(0.213013,-0.500648,0.441007)
(0.209573,-0.492564,0.431488);(0.000000,-0.541499,0.402933);(0.000000,-0.533944,0.431488)
(0.397980,-0.397980,0.431488);(0.227720,-0.535213,0.402933);(0.411926,-0.411926,0.402933)
(0.385322,-0.385322,0.441007);(0.220010,-0.517094,0.431488);(0.397980,-0.397980,0.431488)
(0.379100,-0.379100,0.431488);(0.213013,-0.500648,0.441007);(0.385322,-0.385322,0.441007)
(0.379100,-0.379100,0.431488);(0.212538,-0.499533,0.402933);(0.209573,-0.492564,0.431488)
(0.535213,-0.227720,0.402933);(0.397980,-0.397980,0.431488);(0.411926,-0.411926,0.402933)
(0.517094,-0.220010,0.431488);(0.385322,-0.385322,0.441007);(0.397980,-0.397980,0.431488)
(0.500648,-0.213013,0.441007);(0.379100,-0.379100,0.431488);(0.385322,-0.385322,0.441007)
(0.499533,-0.212538,0.402933);(0.379100,-0.379100,0.431488);(0.492564,-0.209573,0.431488)
(0.580177,0.000000,0.402933);(0.517094,-0.220010,0.431488);(0.535213,-0.227720,0.402933)
(0.560536,0.000000,0.431488);(0.500648,-0.213013,0.441007);(0.517094,-0.220010,0.431488)
(0.542707,0.000000,0.441007);(0.492564,-0.209573,0.431488);(0.500648,-0.213013,0.441007)
(0.541499,0.000000,0.402933);(0.492564,-0.209573,0.431488);(0.533944,0.000000,0.431488)
(-0.517094,-0.220010,0.431488);(-0.580177,0.000000,0.402933);(-0.535213,-0.227720,0.402933)
(-0.500648,-0.213013,0.441007);(-0.560536,0.000000,0.431488);(-0.517094,-0.220010,0.431488)
(-0.492564,-0.209573,0.431488);(-0.542707,0.000000,0.441007);(-0.500648,-0.213013,0.441007)
(-0.492564,-0.209573,0.431488);(-0.541499,0.000000,0.402933);(-0.533944,0.000000,0.431488)
(-0.397980,-0.397980,0.431488);(-0.535213,-0.227720,0.402933);(-0.411926,-0.411926,0.402933)
(-0.385322,-0.385322,0.441007);(-0.517094,-0.220010,0.431488);(-0.397980,-0.397980,0.431488)
(-0.379100,-0.379100,0.431488);(-0.500648,-0.213013,0.441007);(-0.385322,-0.385322,0.441007)
(-0.379100,-0.379100,0.431488);(-0.499533,-0.212538,0.402933);(-0.492564,-0.209573,0.431488)
(-0.227720,-0.535213,0.402933);(-0.397980,-0.397980,0.431488);(-0.411926,-0.411926,0.402933)
(-0.220010,-0.517094,0.431488);(-0.385322,-0.385322,0.441007);(-0.397980,-0.397980,0.431488)
(-0.213013,-0.500648,0.441007);(-0.379100,-0.379100,0.431488);(-0.385322,-0.385322,0.441007)
(-0.212538,-0.499533,0.402933);(-0.379100,-0.379100,0.431488);(-0.209573,-0.492564,0.431488)
(0.000000,-0.580177,0.402933);(-0.220010,-0.517094,0.431488);(-0.227720,-0.535213,0.402933)
(0.000000,-0.560536,0.431488);(-0.213013,-0.500648,0.441007);(-0.220010,-0.517094,0.431488)
(0.000000,-0.542707,0.441007);(-0.209573,-0.492564,0.431488);(-0.213013,-0.500648,0.441007)
(0.000000,-0.541499,0.402933);(-0.209573,-0.492564,0.431488);(0.000000,-0.533944,0.431488)
(-0.220010,0.517094,0.431488);(0.000000,0.580177,0.402933);(-0.227720,0.535213,0.402933)
(-0.213013,0.500648,0.441007);(0.000000,0.560536,0.431488);(-0.220010,0.517094,0.431488)
(-0.209573,0.492564,0.431488);(0.000000,0.542707,0.441007);(-0.213013,0.500648,0.441007)
(-0.209573,0.492564,0.431488);(0.000000,0.541499,0.402933);(0.000000,0.533944,0.431488)
(-0.397980,0.397980,0.431488);(-0.227720,0.535213,0.402933);(-0.411926,0.411926,0.402933)
(-0.385322,0.385322,0.441007);(-0.220010,0.517094,0.431488);(-0.397980,0.397980,0.431488)
(-0.379100,0.379100,0.431488);(-0.213013,0.500648,0.441007);(-0.385322,0.385322,0.441007)
(-0.379100,0.379100,0.431488);(-0.212538,0.499533,0.402933);(-0.209573,0.492564,0.431488)
(-0.535213,0.227720,0.402933);(-0.397980,0.397980,0.431488);(-0.411926,0.411926,0.402933)
(-0.517094,0.220010,0.431488);(-0.385322,0.385322,0.441007);(-0.397980,0.397980,0.431488)
(-0.500648,0.213013,0.441007);(-0.379100,0.379100,0.431488);(-0.385322,0.385322,0.441007)
(-0.499533,0.212538,0.402933);(-0.379100,0.379100,0.431488);(-0.492564,0.209573,0.431488)
(-0.580177,0.000000,0.402933);(-0.517094,0.220010,0.431488);(-0.535213,0.227720,0.402933)
(-0.560536,0.000000,0.431488);(-0.500648,0.213013,0.441007);(-0.517094,0.220010,0.431488)
(-0.542707,0.000000,0.441007);(-0.492564,0.209573,0.431488);(-0.500648,0.213013,0.441007)
(-0.541499,0.000000,0.402933);(-0.492564,0.209573,0.431488);(-0.533944,0.000000,0.431488)
(0.517094,0.220010,0.431488);(0.580177,0.000000,0.402933);(0.535213,0.227720,0.402933)
(0.500648,0.213013,0.441007);(0.560536,0.000000,0.431488);(0.517094,0.220010,0.431488)
(0.492564,0.209573,0.431488);(0.542707,0.000000,0.441007);(0.500648,0.213013,0.441007)
(0.492564,0.209573,0.431488);(0.541499,0.000000,0.402933);(0.533944,0.000000,0.431488)
(0.397980,0.397980,0.431488);(0.535213,0.227720,0.402933);(0.411926,0.411926,0.402933)
(0.385322,0.385322,0.441007);(0.517094,0.220010,0.431488);(0.397980,0.397980,0.431488)
(0.379100,0.379100,0.431488);(0.500648,0.213013,0.441007);(0.385322,0.385322,0.441007)
(0.379100,0.379100,0.431488);(0.499533,0.212538,0.402933);(0.492564,0.209573,0.431488)
(0.227720,0.535213,0.402933);(0.397980,0.397980,0.431488);(0.411926,0.411926,0.402933)
(0.220010,0.517094,0.431488);(0.385322,0.385322,0.441007);(0.397980,0.397980,0.431488)
(0.213013,0.500648,0.441007);(0.379100,0.379100,0.431488);(0.385322,0.385322,0.441007)
(0.212538,0.499533,0.402933);(0.379100,0.379100,0.431488);(0.209573,0.492564,0.431488)
(0.000000,0.580177,0.402933);(0.220010,0.517094,0.431488);(0.227720,0.535213,0.402933)
(0.000000,0.560536,0.431488);(0.213013,0.500648,0.441007);(0.220010,0.517094,0.431488)
(0.000000,0.542707,0.441007);(0.209573,0.492564,0.431488);(0.213013,0.500648,0.441007)
(0.000000,0.541499,0.402933);(0.209573,0.492564,0.431488);(0.000000,0.533944,0.431488)
(0.297103,-0.698286,-0.041719);(0.000000,-0.773570,-0.177245);(0.303626,-0.713618,-0.177245)
(0.279905,-0.657867,0.101966);(0.000000,-0.756950,-0.041719);(0.297103,-0.698286,-0.041719)
(0.255591,-0.600721,0.251089);(0.000000,-0.713134,0.101966);(0.279905,-0.657867,0.101966)
(0.227720,-0.535213,0.402933);(0.000000,-0.651188,0.251089);(0.255591,-0.600721,0.251089)
(0.537434,-0.537434,-0.041719);(0.303626,-0.713618,-0.177245);(0.549234,-0.549234,-0.177245)
(0.506325,-0.506325,0.101966);(0.297103,-0.698286,-0.041719);(0.537434,-0.537434,-0.041719)
(0.462344,-0.462344,0.251089);(0.279905,-0.657867,0.101966);(0.506325,-0.506325,0.101966)
(0.411926,-0.411926,0.402933);(0.255591,-0.600721,0.251089);(0.462344,-0.462344,0.251089)
(0.713618,-0.303626,-0.177245);(0.537434,-0.537434,-0.041719);(0.549234,-0.549234,-0.177245)
(0.698286,-0.297103,-0.041719);(0.506325,-0.506325,0.101966);(0.537434,-0.537434,-0.041719)
(0.657867,-0.279905,0.101966);(0.462344,-0.462344,0.251089);(0.506325,-0.506325,0.101966)
(0.600721,-0.255591,0.251089);(0.411926,-0.411926,0.402933);(0.462344,-0.462344,0.251089)
(0.773570,0.000000,-0.177245);(0.698286,-0.297103,-0.041719);(0.713618,-0.303626,-0.177245)
(0.756950,0.000000,-0.041719);(0.657867,-0.279905,0.101966);(0.698286,-0.297103,-0.041719)
(0.713134,0.000000,0.101966);(0.600721,-0.255591,0.251089);(0.657867,-0.279905,0.101966)
(0.651188,0.000000,0.251089);(0.535213,-0.227720,0.402933);(0.600721,-0.255591,0.251089)
(-0.698286,-0.297103,-0.041719);(-0.773570,0.000000,-0.177245);(-0.713618,-0.303626,-0.177245)
(-0.657867,-0.279905,0.101966);(-0.756950,0.000000,-0.041719);(-0.698286,-0.297103,-0.041719)
(-0.600721,-0.255591,0.251089);(-0.713134,0.000000,0.101966);(-0.657867,-0.279905,0.101966)
(-0.535213,-0.227720,0.402933);(-0.651188,0.000000,0.251089);(-0.600721,-0.255591,0.251089)
(-0.537434,-0.537434,-0.041719);(-0.713618,-0.303626,-0.177245);(-0.549234,-0.549234,-0.177245)
(-0.506325,-0.506325,0.101966);(-0.698286,-0.297103,-0.041719);(-0.537434,-0.537434,-0.041719)
(-0.462344,-0.462344,0.251089);(-0.657867,-0.279905,0.101966);(-0.506325,-0.506325,0.101966)
(-0.411926,-0.411926,0.402933);(-0.600721,-0.255591,0.251089);(-0.462344,-0.462344,0.251089)
(-0.303626,-0.713618,-0.177245);(-0.537434,-0.537434,-0.041719);(-0.549234,-0.549234,-0.177245)
(-0.297103,-0.698286,-0.041719);(-0.506325,-0.506325,0.101966);(-0.537434,-0.537434,-0.041719)
(-0.279905,-0.657867,0.101966);(-0.462344,-0.462344,0.251089);(-0.506325,-0.506325,0.101966)
(-0.255591,-0.600721,0.251089);(-0.411926,-0.411926,0.402933);(-0.462344,-0.462344,0.251089)
(0.000000,-0.773570,-0.177245);(-0.297103,-0.698286,-0.041719);(-0.303626,-0.713618,-0.177245)
(0.000000,-0.756950,-0.041719);(-0.279905,-0.657867,0.101966);(-0.297103,-0.698286,-0.041719)
(0.000000,-0.713134,0.101966);(-0.255591,-0.600721,0.251089);(-0.279905,-0.657867,0.101966)
(0.000000,-0.651188,0.251089);(-0.227720,-0.535213,0.402933);(-0.255591,-0.600721,0.251089)
(-0.297103,0.698286,-0.041719);(0.000000,0.773570,-0.177245);(-0.303626,0.713618,-0.177245)
(-0.279905,0.657867,0.101966);(0.000000,0.756950,-0.041719);(-0.297103,0.698286,-0.041719)
(-0.255591,0.600721,0.251089);(0.000000,0.713134,0.101966);(-0.279905,0.657867,0.101966)
(-0.227720,0.535213,0.402933);(0.000000,0.651188,0.251089);(-0.255591,0.600721,0.251089)
(-0.537434,0.537434,-0.041719);(-0.303626,0.713618,-0.177245);(-0.549234,0.549234,-0.177245)
(-0.506325,0.506325,0.101966);(-0.297103,0.698286,-0.041719);(-0.537434,0.537434,-0.041719)
(-0.462344,0.462344,0.251089);(-0.279905,0.657867,0.101966);(-0.506325,0.506325,0.101966)
(-0.411926,0.411926,0.402933);(-0.255591,0.600721,0.251089);(-0.462344,0.462344,0.251089)
(-0.713618,0.303626,-0.177245);(-0.537434,0.537434,-0.041719);(-0.549234,0.549234,-0.177245)
(-0.698286,0.297103,-0.041719);(-0.506325,0.506325,0.101966);(-0.537434,0.537434,-0.041719)
(-0.657867,0.279905,0.101966);(-0.462344,0.462344,0.251089);(-0.506325,0.506325,0.101966)
(-0.600721,0.255591,0.251089);(-0.411926,0.411926,0.402933);(-0.462344,0.462344,0.251089)
(-0.773570,0.000000,-0.177245);(-0.698286,0.297103,-0.041719);(-0.713618,0.303626,-0.177245)
(-0.756950,0.000000,-0.041719);(-0.657867,0.279905,0.101966);(-0.698286,0.297103,-0.041719)
(-0.713134,0.000000,0.101966);(-0.600721,0.255591,0.251089);(-0.657867,0.279905,0.101966)
(-0.651188,0.000000,0.251089);(-0.535213,0.227720,0.402933);(-0.600721,0.255591,0.251089)
(0.698286,0.297103,-0.041719);(0.773570,0.000000,-0.177245);(0.713618,0.303626,-0.177245)
(0.657867,0.279905,0.101966);(0.756950,0.000000,-0.041719);(0.698286,0.297103,-0.041719)
(0.600721,0.255591,0.251089);(0.713134,0.000000,0.101966);(0.657867,0.279905,0.101966)
(0.535213,0.227720,0.402933);(0.651188,0.000000,0.251089);(0.600721,0.255591,0.251089)
(0.537434,0.537434,-0.041719);(0.713618,0.303626,-0.177245);(0.549234,0.549234,-0.177245)
(0.506325,0.506325,0.101966);(0.698286,0.297103,-0.041719);(0.537434,0.537434,-0.041719)
(0.462344,0.462344,0.251089);(0.657867,0.279905,0.101966);(0.506325,0.506325,0.101966)
(0.411926,0.411926,0.402933);(0.600721,0.255591,0.251089);(0.462344,0.462344,0.251089)
(0.303626,0.713618,-0.177245);(0.537434,0.537434,-0.041719);(0.549234,0.549234,-0.177245)
(0.297103,0.698286,-0.041719);(0.506325,0.506325,0.101966);(0.537434,0.537434,-0.041719)
(0.279905,0.657867,0.101966);(0.462344,0.462344,0.251089);(0.506325,0.506325,0.101966)
(0.255591,0.600721,0.251089);(0.411926,0.411926,0.402933);(0.462344,0.462344,0.251089)
(0.000000,0.773570,-0.177245);(0.297103,0.698286,-0.041719);(0.303626,0.713618,-0.177245)
(0.000000,0.756950,-0.041719);(0.279905,0.657867,0.101966);(0.297103,0.698286,-0.041719)
(0.000000,0.713134,0.101966);(0.255591,0.600721,0.251089);(0.279905,0.657867,0.101966)
(0.000000,0.651188,0.251089);(0.227720,0.535213,0.402933);(0.255591,0.600721,0.251089)
(0.227720,-0.535213,-0.467333);(0.000000,-0.610395,-0.434245);(0.000000,-0.580177,-0.467333)
(0.239580,-0.563089,-0.434245);(0.000000,-0.676873,-0.376680);(0.000000,-0.610395,-0.434245)
(0.265673,-0.624416,-0.376680);(0.000000,-0.743352,-0.291920);(0.000000,-0.676873,-0.376680)
(0.291766,-0.685742,-0.291920);(0.000000,-0.773570,-0.177245);(0.000000,-0.743352,-0.291920)
(0.411926,-0.411926,-0.467333);(0.239580,-0.563089,-0.434245);(0.227720,-0.535213,-0.467333)
(0.433380,-0.433380,-0.434245);(0.265673,-0.624416,-0.376680);(0.239580,-0.563089,-0.434245)
(0.480580,-0.480580,-0.376680);(0.291766,-0.685742,-0.291920);(0.265673,-0.624416,-0.376680)
(0.527780,-0.527780,-0.291920);(0.303626,-0.713618,-0.177245);(0.291766,-0.685742,-0.291920)
(0.563089,-0.239580,-0.434245);(0.411926,-0.411926,-0.467333);(0.535213,-0.227720,-0.467333)
(0.624416,-0.265673,-0.376680);(0.433380,-0.433380,-0.434245);(0.563089,-0.239580,-0.434245)
(0.685742,-0.291766,-0.291920);(0.480580,-0.480580,-0.376680);(0.624416,-0.265673,-0.376680)
(0.713618,-0.303626,-0.177245);(0.527780,-0.527780,-0.291920);(0.685742,-0.291766,-0.291920)
(0.610395,0.000000,-0.434245);(0.535213,-0.227720,-0.467333);(0.580177,0.000000,-0.467333)
(0.676873,0.000000,-0.376680);(0.563089,-0.239580,-0.434245);(0.610395,0.000000,-0.434245)
(0.743352,0.000000,-0.291920);(0.624416,-0.265673,-0.376680);(0.676873,0.000000,-0.376680)
(0.773570,0.000000,-0.177245);(0.685742,-0.291766,-0.291920);(0.743352,0.000000,-0.291920)
(-0.535213,-0.227720,-0.467333);(-0.610395,0.000000,-0.434245);(-0.580177,0.000000,-0.467333)
(-0.563089,-0.239580,-0.434245);(-0.676873,0.000000,-0.376680);(-0.610395,0.000000,-0.434245)
(-0.624416,-0.265673,-0.376680);(-0.743352,0.000000,-0.291920);(-0.676873,0.000000,-0.376680)
(-0.685742,-0.291766,-0.291920);(-0.773570,0.000000,-0.177245);(-0.743352,0.000000,-0.291920)
(-0.411926,-0.411926,-0.467333);(-0.563089,-0.239580,-0.434245);(-0.535213,-0.227720,-0.467333)
(-0.433380,-0.433380,-0.434245);(-0.624416,-0.265673,-0.376680);(-0.563089,-0.239580,-0.434245)
(-0.480580,-0.480580,-0.376680);(-0.685742,-0.291766,-0.291920);(-0.624416,-0.265673,-0.376680)
(-0.527780,-0.527780,-0.291920);(-0.713618,-0.303626,-0.177245);(-0.685742,-0.291766,-0.291920)
(-0.239580,-0.563089,-0.434245);(-0.411926,-0.411926,-0.467333);(-0.227720,-0.535213,-0.467333)
(-0.265673,-0.624416,-0.376680);(-0.433380,-0.433380,-0.434245);(-0.239580,-0.563089,-0.434245)
(-0.291766,-0.685742,-0.291920);(-0.480580,-0.480580,-0.376680);(-0.265673,-0.624416,-0.376680)
(-0.303626,-0.713618,-0.177245);(-0.527780,-0.527780,-0.291920);(-0.291766,-0.685742,-0.291920)
(0.000000,-0.610395,-0.434245);(-0.227720,-0.535213,-0.467333);(0.000000,-0.580177,-0.467333)
(0.000000,-0.676873,-0.376680);(-0.239580,-0.563089,-0.434245);(0.000000,-0.610395,-0.434245)
(0.000000,-0.743352,-0.291920);(-0.265673,-0.624416,-0.376680);(0.000000,-0.676873,-0.376680)
(0.000000,-0.773570,-0.177245);(-0.291766,-0.685742,-0.291920);(0.000000,-0.743352,-0.291920)
(-0.227720,0.535213,-0.467333);(0.000000,0.610395,-0.434245);(0.000000,0.580177,-0.467333)
(-0.239580,0.563089,-0.434245);(0.000000,0.676873,-0.376680);(0.000000,0.610395,-0.434245)
(-0.265673,0.624416,-0.376680);(0.000000,0.743352,-0.291920);(0.000000,0.676873,-0.376680)
(-0.291766,0.685742,-0.291920);(0.000000,0.773570,-0.177245);(0.000000,0.743352,-0.291920)
(-0.411926,0.411926,-0.467333);(-0.239580,0.563089,-0.434245);(-0.227720,0.535213,-0.467333)
(-0.433380,0.433380,-0.434245);(-0.265673,0.624416,-0.376680);(-0.239580,0.563089,-0.434245)
(-0.480580,0.480580,-0.376680);(-0.291766,0.685742,-0.291920);(-0.265673,0.624416,-0.376680)
(-0.527780,0.527780,-0.291920);(-0.303626,0.713618,-0.177245);(-0.291766,0.685742,-0.291920)
(-0.563089,0.239580,-0.434245);(-0.411926,0.411926,-0.467333);(-0.535213,0.227720,-0.467333)
(-0.624416,0.265673,-0.376680);(-0.433380,0.433380,-0.434245);(-0.563089,0.239580,-0.434245)
(-0.685742,0.291766,-0.291920);(-0.480580,0.480580,-0.376680);(-0.624416,0.265673,-0.376680)
(-0.713618,0.303626,-0.177245);(-0.527780,0.527780,-0.291920);(-0.685742,0.291766,-0.291920)
(-0.610395,0.000000,-0.434245);(-0.535213,0.227720,-0.467333);(-0.580177,0.000000,-0.467333)
(-0.676873,0.000000,-0.376680);(-0.563089,0.239580,-0.434245);(-0.610395,0.000000,-0.434245)
(-0.743352,0.000000,-0.291920);(-0.624416,0.265673,-0.376680);(-0.676873,0.000000,-0.376680)
(-0.773570,0.000000,-0.177245);(-0.685742,0.291766,-0.291920);(-0.743352,0.000000,-0.291920)
(0.535213,0.227720,-0.467333);(0.610395,0.000000,-0.434245);(0.580177,0.000000,-0.467333)
(0.563089,0.239580,-0.434245);(0.676873,0.000000,-0.376680);(0.610395,0.000000,-0.434245)
(0.624416,0.265673,-0.376680);(0.743352,0.000000,-0.291920);(0.676873,0.000000,-0.376680)
(0.685742,0.291766,-0.291920);(0.773570,0.000000,-0.177245);(0.743352,0.000000,-0.291920)
(0.411926,0.411926,-0.467333);(0.563089,0.239580,-0.434245);(0.535213,0.227720,-0.467333)
(0.433380,0.433380,-0.434245);(0.624416,0.265673,-0.376680);(0.563089,0.239580,-0.434245)
(0.480580,0.480580,-0.376680);(0.685742,0.291766,-0.291920);(0.624416,0.265673,-0.376680)
(0.527780,0.527780,-0.291920);(0.713618,0.303626,-0.177245);(0.685742,0.291766,-0.291920)
(0.239580,0.563089,-0.434245);(0.411926,0.411926,-0.467333);(0.227720,0.535213,-0.467333)
(0.265673,0.624416,-0.376680);(0.433380,0.433380,-0.434245);(0.239580,0.563089,-0.434245)
(0.291766,0.685742,-0.291920);(0.480580,0.480580,-0.376680);(0.265673,0.624416,-0.376680)
(0.303626,0.713618,-0.177245);(0.527780,0.527780,-0.291920);(0.291766,0.685742,-0.291920)
(0.000000,0.610395,-0.434245);(0.227720,0.535213,-0.467333);(0.000000,0.580177,-0.467333)
(0.000000,0.676873,-0.376680);(0.239580,0.563089,-0.434245);(0.000000,0.610395,-0.434245)
(0.000000,0.743352,-0.291920);(0.265673,0.624416,-0.376680);(0.000000,0.676873,-0.376680)
(0.000000,0.773570,-0.177245);(0.291766,0.685742,-0.291920);(0.000000,0.743352,-0.291920)
(-1.142224,-0.065270,0.170862);(-1.124093,0.000000,0.271486);(-1.160354,0.000000,0.170862)
(-1.107190,-0.065270,0.263625);(-1.015310,0.000000,0.323158);(-1.124093,0.000000,0.271486)
(-1.002468,-0.065270,0.311260);(-0.834005,0.000000,0.342195);(-1.015310,0.000000,0.323158)
(-0.586221,-0.065270,0.331317);(-0.834005,0.000000,0.342195);(-0.828622,-0.065270,0.328810)
(-1.102337,-0.087027,0.170862);(-1.107190,-0.065270,0.263625);(-1.142224,-0.065270,0.170862)
(-1.070004,-0.087027,0.246330);(-1.002468,-0.065270,0.311260);(-1.107190,-0.065270,0.263625)
(-0.974214,-0.087027,0.285084);(-0.828622,-0.065270,0.328810);(-1.002468,-0.065270,0.311260)
(-0.599516,-0.087027,0.301402);(-0.828622,-0.065270,0.328810);(-0.816781,-0.087027,0.299362)
(-1.062449,-0.065270,0.170862);(-1.070004,-0.087027,0.246330);(-1.102337,-0.087027,0.170862)
(-1.032817,-0.065270,0.229035);(-0.974214,-0.087027,0.285084);(-1.070004,-0.087027,0.246330)
(-0.945961,-0.065270,0.258908);(-0.816781,-0.087027,0.299362);(-0.974214,-0.087027,0.285084)
(-0.612812,-0.065270,0.271486);(-0.816781,-0.087027,0.299362);(-0.804939,-0.065270,0.269914)
(-1.044319,0.000000,0.170862);(-1.032817,-0.065270,0.229035);(-1.062449,-0.065270,0.170862)
(-1.015914,0.000000,0.221174);(-0.945961,-0.065270,0.258908);(-1.032817,-0.065270,0.229035)
(-0.933118,0.000000,0.247010);(-0.804939,-0.065270,0.269914);(-0.945961,-0.065270,0.258908)
(-0.618856,0.000000,0.257888);(-0.804939,-0.065270,0.269914);(-0.799557,0.000000,0.256529)
(-1.032817,0.065270,0.229035);(-1.044319,0.000000,0.170862);(-1.062449,0.065270,0.170862)
(-0.945961,0.065270,0.258908);(-1.015914,0.000000,0.221174);(-1.032817,0.065270,0.229035)
(-0.804939,0.065270,0.269914);(-0.933118,0.000000,0.247010);(-0.945961,0.065270,0.258908)
(-0.804939,0.065270,0.269914);(-0.618856,0.000000,0.257888);(-0.799557,0.000000,0.256529)
(-1.070004,0.087027,0.246330);(-1.062449,0.065270,0.170862);(-1.102337,0.087027,0.170862)
(-0.974214,0.087027,0.285084);(-1.032817,0.065270,0.229035);(-1.070004,0.087027,0.246330)
(-0.816781,0.087027,0.299362);(-0.945961,0.065270,0.258908);(-0.974214,0.087027,0.285084)
(-0.816781,0.087027,0.299362);(-0.612812,0.065270,0.271486);(-0.804939,0.065270,0.269914)
(-1.107190,0.065270,0.263625);(-1.102337,0.087027,0.170862);(-1.142224,0.065270,0.170862)
(-1.002468,0.065270,0.311260);(-1.070004,0.087027,0.246330);(-1.107190,0.065270,0.263625)
(-0.828622,0.065270,0.328810);(-0.974214,0.087027,0.285084);(-1.002468,0.065270,0.311260)
(-0.828622,0.065270,0.328810);(-0.599516,0.087027,0.301402);(-0.816781,0.087027,0.299362)
(-1.124093,0.000000,0.271486);(-1.142224,0.065270,0.170862);(-1.160354,0.000000,0.170862)
(-1.015310,0.000000,0.323158);(-1.107190,0.065270,0.263625);(-1.124093,0.000000,0.271486)
(-0.834005,0.000000,0.342195);(-1.002468,0.065270,0.311260);(-1.015310,0.000000,0.323158)
(-0.834005,0.000000,0.342195);(-0.586221,0.065270,0.331317);(-0.828622,0.065270,0.328810)
(-0.740935,-0.065270,-0.275149);(-0.923751,0.000000,-0.190163);(-0.734891,0.000000,-0.293280)
(-0.919643,-0.065270,-0.175821);(-1.056406,0.000000,-0.077527);(-0.923751,0.000000,-0.190163)
(-1.044697,-0.065270,-0.065912);(-1.134669,0.000000,0.043268);(-1.056406,0.000000,-0.077527)
(-1.118191,-0.065270,0.050882);(-1.160354,0.000000,0.170862);(-1.134669,0.000000,0.043268)
(-0.754230,-0.087027,-0.235262);(-0.919643,-0.065270,-0.175821);(-0.740935,-0.065270,-0.275149)
(-0.910606,-0.087027,-0.144270);(-1.044697,-0.065270,-0.065912);(-0.919643,-0.065270,-0.175821)
(-1.018936,-0.087027,-0.040359);(-1.118191,-0.065270,0.050882);(-1.044697,-0.065270,-0.065912)
(-1.081940,-0.087027,0.067631);(-1.142224,-0.065270,0.170862);(-1.118191,-0.065270,0.050882)
(-0.767526,-0.065270,-0.195375);(-0.910606,-0.087027,-0.144270);(-0.754230,-0.087027,-0.235262)
(-0.901569,-0.065270,-0.112718);(-1.018936,-0.087027,-0.040359);(-0.910606,-0.087027,-0.144270)
(-0.993176,-0.065270,-0.014806);(-1.081940,-0.087027,0.067631);(-1.018936,-0.087027,-0.040359)
(-1.045688,-0.065270,0.084381);(-1.102337,-0.087027,0.170862);(-1.081940,-0.087027,0.067631)
(-0.773570,0.000000,-0.177245);(-0.901569,-0.065270,-0.112718);(-0.767526,-0.065270,-0.195375)
(-0.897462,0.000000,-0.098377);(-0.993176,-0.065270,-0.014806);(-0.901569,-0.065270,-0.112718)
(-0.981466,0.000000,-0.003191);(-1.045688,-0.065270,0.084381);(-0.993176,-0.065270,-0.014806)
(-1.029210,0.000000,0.091994);(-1.062449,-0.065270,0.170862);(-1.045688,-0.065270,0.084381)
(-0.901569,0.065270,-0.112718);(-0.773570,0.000000,-0.177245);(-0.767526,0.065270,-0.195375)
(-0.993176,0.065270,-0.014806);(-0.897462,0.000000,-0.098377);(-0.901569,0.065270,-0.112718)
(-1.045688,0.065270,0.084381);(-0.981466,0.000000,-0.003191);(-0.993176,0.065270,-0.014806)
(-1.062449,0.065270,0.170862);(-1.029210,0.000000,0.091994);(-1.045688,0.065270,0.084381)
(-0.910606,0.087027,-0.144270);(-0.767526,0.065270,-0.195375);(-0.754230,0.087027,-0.235262)
(-1.018936,0.087027,-0.040359);(-0.901569,0.065270,-0.112718);(-0.910606,0.087027,-0.144270)
(-1.081940,0.087027,0.067631);(-0.993176,0.065270,-0.014806);(-1.018936,0.087027,-0.040359)
(-1.102337,0.087027,0.170862);(-1.045688,0.065270,0.084381);(-1.081940,0.087027,0.067631)
(-0.919643,0.065270,-0.175821);(-0.754230,0.087027,-0.235262);(-0.740935,0.065270,-0.275149)
(-1.044697,0.065270,-0.065912);(-0.910606,0.087027,-0.144270);(-0.919643,0.065270,-0.175821)
(-1.118191,0.065270,0.050882);(-1.018936,0.087027,-0.040359);(-1.044697,0.065270,-0.065912)
(-1.142224,0.065270,0.170862);(-1.081940,0.087027,0.067631);(-1.118191,0.065270,0.050882)
(-0.923751,0.000000,-0.190163);(-0.740935,0.065270,-0.275149);(-0.734891,0.000000,-0.293280)
(-1.056406,0.000000,-0.077527);(-0.919643,0.065270,-0.175821);(-0.923751,0.000000,-0.190163)
(-1.134669,0.000000,0.043268);(-1.044697,0.065270,-0.065912);(-1.056406,0.000000,-0.077527)
(-1.160354,0.000000,0.170862);(-1.118191,0.065270,0.050882);(-1.134669,0.000000,0.043268)
(1.240129,-0.054392,0.402933);(1.108984,0.000000,0.245197);(1.276390,0.000000,0.402933)
(1.021353,-0.098993,0.054600);(1.108984,0.000000,0.245197);(1.086888,-0.068329,0.252987)
(0.919558,-0.129656,-0.131210);(1.039484,0.000000,0.033070);(1.021353,-0.098993,0.054600)
(0.657534,-0.143594,-0.243421);(0.933723,0.000000,-0.168179);(0.919558,-0.129656,-0.131210)
(1.160354,-0.072522,0.402933);(1.086888,-0.068329,0.252987);(1.240129,-0.054392,0.402933)
(0.981466,-0.131990,0.101966);(1.086888,-0.068329,0.252987);(1.038275,-0.091106,0.270126)
(0.888396,-0.172875,-0.049878);(1.021353,-0.098993,0.054600);(0.981466,-0.131990,0.101966)
(0.657534,-0.191458,-0.133731);(0.919558,-0.129656,-0.131210);(0.888396,-0.172875,-0.049878)
(1.080580,-0.054392,0.402933);(1.038275,-0.091106,0.270126);(1.160354,-0.072522,0.402933)
(0.941579,-0.098993,0.149332);(1.038275,-0.091106,0.270126);(0.989663,-0.068329,0.287265)
(0.857234,-0.129656,0.031455);(0.981466,-0.131990,0.101966);(0.941579,-0.098993,0.149332)
(0.657534,-0.143594,-0.024042);(0.888396,-0.172875,-0.049878);(0.857234,-0.129656,0.031455)
(1.044319,0.000000,0.402933);(0.989663,-0.068329,0.287265);(1.080580,-0.054392,0.402933)
(0.923449,0.000000,0.170862);(0.989663,-0.068329,0.287265);(0.967566,0.000000,0.295056)
(0.843070,0.000000,0.068424);(0.941579,-0.098993,0.149332);(0.923449,0.000000,0.170862)
(0.657534,0.000000,0.025817);(0.857234,-0.129656,0.031455);(0.843070,0.000000,0.068424)
(0.989663,0.068329,0.287265);(1.044319,0.000000,0.402933);(1.080580,0.054392,0.402933)
(0.989663,0.068329,0.287265);(0.923449,0.000000,0.170862);(0.967566,0.000000,0.295056)
(0.941579,0.098993,0.149332);(0.843070,0.000000,0.068424);(0.923449,0.000000,0.170862)
(0.857234,0.129656,0.031455);(0.657534,0.000000,0.025817);(0.843070,0.000000,0.068424)
(1.038275,0.091106,0.270126);(1.080580,0.054392,0.402933);(1.160354,0.072522,0.402933)
(1.038275,0.091106,0.270126);(0.941579,0.098993,0.149332);(0.989663,0.068329,0.287265)
(0.981466,0.131990,0.101966);(0.857234,0.129656,0.031455);(0.941579,0.098993,0.149332)
(0.888396,0.172875,-0.049878);(0.657534,0.143594,-0.024042);(0.857234,0.129656,0.031455)
(1.086888,0.068329,0.252987);(1.160354,0.072522,0.402933);(1.240129,0.054392,0.402933)
(1.086888,0.068329,0.252987);(0.981466,0.131990,0.101966);(1.038275,0.091106,0.270126)
(1.021353,0.098993,0.054600);(0.888396,0.172875,-0.049878);(0.981466,0.131990,0.101966)
(0.919558,0.129656,-0.131210);(0.657534,0.191458,-0.133731);(0.888396,0.172875,-0.049878)
(1.108984,0.000000,0.245197);(1.240129,0.054392,0.402933);(1.276390,0.000000,0.402933)
(1.108984,0.000000,0.245197);(1.021353,0.098993,0.054600);(1.086888,0.068329,0.252987)
(1.039484,0.000000,0.033070);(0.919558,0.129656,-0.131210);(1.021353,0.098993,0.054600)
(0.933723,0.000000,-0.168179);(0.657534,0.143594,-0.243421);(0.919558,0.129656,-0.131210)
(1.265837,-0.036034,0.425274);(1.237711,0.000000,0.402933);(1.213537,-0.032635,0.402933)
(1.289497,-0.043513,0.431573);(1.296787,0.000000,0.426389);(1.265837,-0.036034,0.425274)
(1.289497,-0.043513,0.431573);(1.320658,0.000000,0.424349);(1.325947,0.000000,0.432848)
(1.281824,-0.050992,0.423553);(1.276390,0.000000,0.402933);(1.320658,0.000000,0.424349)
(1.197749,-0.048046,0.422820);(1.213537,-0.032635,0.402933);(1.160354,-0.043513,0.402933)
(1.209307,-0.058018,0.428769);(1.265837,-0.036034,0.425274);(1.197749,-0.048046,0.422820)
(1.209307,-0.058018,0.428769);(1.281824,-0.050992,0.423553);(1.289497,-0.043513,0.431573)
(1.196389,-0.067990,0.421800);(1.240129,-0.054392,0.402933);(1.281824,-0.050992,0.423553)
(1.129660,-0.036034,0.420366);(1.160354,-0.043513,0.402933);(1.107171,-0.032635,0.402933)
(1.129117,-0.043513,0.425964);(1.197749,-0.048046,0.422820);(1.129660,-0.036034,0.420366)
(1.129117,-0.043513,0.425964);(1.196389,-0.067990,0.421800);(1.209307,-0.058018,0.428769)
(1.110953,-0.050992,0.420047);(1.160354,-0.072522,0.402933);(1.196389,-0.067990,0.421800)
(1.098711,0.000000,0.419250);(1.107171,-0.032635,0.402933);(1.082997,0.000000,0.402933)
(1.092667,0.000000,0.424689);(1.129660,-0.036034,0.420366);(1.098711,0.000000,0.419250)
(1.092667,0.000000,0.424689);(1.110953,-0.050992,0.420047);(1.129117,-0.043513,0.425964)
(1.072119,0.000000,0.419250);(1.080580,-0.054392,0.402933);(1.110953,-0.050992,0.420047)
(1.107171,0.032635,0.402933);(1.098711,0.000000,0.419250);(1.082997,0.000000,0.402933)
(1.129660,0.036034,0.420366);(1.092667,0.000000,0.424689);(1.098711,0.000000,0.419250)
(1.110953,0.050992,0.420047);(1.092667,0.000000,0.424689);(1.129117,0.043513,0.425964)
(1.080580,0.054392,0.402933);(1.072119,0.000000,0.419250);(1.110953,0.050992,0.420047)
(1.160354,0.043513,0.402933);(1.129660,0.036034,0.420366);(1.107171,0.032635,0.402933)
(1.197749,0.048046,0.422820);(1.129117,0.043513,0.425964);(1.129660,0.036034,0.420366)
(1.196389,0.067990,0.421800);(1.129117,0.043513,0.425964);(1.209307,0.058018,0.428769)
(1.160354,0.072522,0.402933);(1.110953,0.050992,0.420047);(1.196389,0.067990,0.421800)
(1.213537,0.032635,0.402933);(1.197749,0.048046,0.422820);(1.160354,0.043513,0.402933)
(1.265837,0.036034,0.425274);(1.209307,0.058018,0.428769);(1.197749,0.048046,0.422820)
(1.281824,0.050992,0.423553);(1.209307,0.058018,0.428769);(1.289497,0.043513,0.431573)
(1.240129,0.054392,0.402933);(1.196389,0.067990,0.421800);(1.281824,0.050992,0.423553)
(1.237711,0.000000,0.402933);(1.265837,0.036034,0.425274);(1.213537,0.032635,0.402933)
(1.296787,0.000000,0.426389);(1.289497,0.043513,0.431573);(1.265837,0.036034,0.425274)
(1.320658,0.000000,0.424349);(1.289497,0.043513,0.431573);(1.325947,0.000000,0.432848)
(1.276390,0.000000,0.402933);(1.281824,0.050992,0.423553);(1.320658,0.000000,0.424349)
(0.030363,-0.071362,0.518968);(0.000000,-0.076148,0.570640);(0.000000,-0.077357,0.518968)
(0.029934,-0.070262,0.570640);(0.000000,-0.125705,0.627751);(0.000000,-0.076148,0.570640)
(0.049462,-0.116004,0.627751);(0.000000,-0.131749,0.673984);(0.000000,-0.125705,0.627751)
(0.051849,-0.121584,0.673984);(0.000000,0.000000,0.693021);(0.000000,-0.131749,0.673984)
(0.054923,-0.054923,0.518968);(0.029934,-0.070262,0.570640);(0.030363,-0.071362,0.518968)
(0.054106,-0.054106,0.570640);(0.049462,-0.116004,0.627751);(0.029934,-0.070262,0.570640)
(0.089359,-0.089359,0.627751);(0.051849,-0.121584,0.673984);(0.049462,-0.116004,0.627751)
(0.093664,-0.093664,0.673984);(0.000000,0.000000,0.693021);(0.051849,-0.121584,0.673984)
(0.070262,-0.029934,0.570640);(0.054923,-0.054923,0.518968);(0.071362,-0.030363,0.518968)
(0.116004,-0.049462,0.627751);(0.054106,-0.054106,0.570640);(0.070262,-0.029934,0.570640)
(0.121584,-0.051849,0.673984);(0.089359,-0.089359,0.627751);(0.116004,-0.049462,0.627751)
(0.121584,-0.051849,0.673984);(0.000000,0.000000,0.693021);(0.093664,-0.093664,0.673984)
(0.076148,0.000000,0.570640);(0.071362,-0.030363,0.518968);(0.077357,0.000000,0.518968)
(0.125705,0.000000,0.627751);(0.070262,-0.029934,0.570640);(0.076148,0.000000,0.570640)
(0.131749,0.000000,0.673984);(0.116004,-0.049462,0.627751);(0.125705,0.000000,0.627751)
(0.131749,0.000000,0.673984);(0.000000,0.000000,0.693021);(0.121584,-0.051849,0.673984)
(-0.071362,-0.030363,0.518968);(-0.076148,0.000000,0.570640);(-0.077357,0.000000,0.518968)
(-0.070262,-0.029934,0.570640);(-0.125705,0.000000,0.627751);(-0.076148,0.000000,0.570640)
(-0.116004,-0.049462,0.627751);(-0.131749,0.000000,0.673984);(-0.125705,0.000000,0.627751)
(-0.121584,-0.051849,0.673984);(0.000000,0.000000,0.693021);(-0.131749,0.000000,0.673984)
(-0.054923,-0.054923,0.518968);(-0.070262,-0.029934,0.570640);(-0.071362,-0.030363,0.518968)
(-0.054106,-0.054106,0.570640);(-0.116004,-0.049462,0.627751);(-0.070262,-0.029934,0.570640)
(-0.089359,-0.089359,0.627751);(-0.121584,-0.051849,0.673984);(-0.116004,-0.049462,0.627751)
(-0.093664,-0.093664,0.673984);(0.000000,0.000000,0.693021);(-0.121584,-0.051849,0.673984)
(-0.029934,-0.070262,0.570640);(-0.054923,-0.054923,0.518968);(-0.030363,-0.071362,0.518968)
(-0.049462,-0.116004,0.627751);(-0.054106,-0.054106,0.570640);(-0.029934,-0.070262,0.570640)
(-0.051849,-0.121584,0.673984);(-0.089359,-0.089359,0.627751);(-0.049462,-0.116004,0.627751)
(-0.051849,-0.121584,0.673984);(0.000000,0.000000,0.693021);(-0.093664,-0.093664,0.673984)
(0.000000,-0.076148,0.570640);(-0.030363,-0.071362,0.518968);(0.000000,-0.077357,0.518968)
(0.000000,-0.125705,0.627751);(-0.029934,-0.070262,0.570640);(0.000000,-0.076148,0.570640)
(0.000000,-0.131749,0.673984);(-0.049462,-0.116004,0.627751);(0.000000,-0.125705,0.627751)
(0.000000,-0.131749,0.673984);(0.000000,0.000000,0.693021);(-0.051849,-0.121584,0.673984)
(-0.030363,0.071362,0.518968);(0.000000,0.076148,0.570640);(0.000000,0.077357,0.518968)
(-0.029934,0.070262,0.570640);(0.000000,0.125705,0.627751);(0.000000,0.076148,0.570640)
(-0.049462,0.116004,0.627751);(0.000000,0.131749,0.673984);(0.000000,0.125705,0.627751)
(-0.051849,0.121584,0.673984);(0.000000,0.000000,0.693021);(0.000000,0.131749,0.673984)
(-0.054923,0.054923,0.518968);(-0.029934,0.070262,0.570640);(-0.030363,0.071362,0.518968)
(-0.054106,0.054106,0.570640);(-0.049462,0.116004,0.627751);(-0.029934,0.070262,0.570640)
(-0.089359,0.089359,0.627751);(-0.051849,0.121584,0.673984);(-0.049462,0.116004,0.627751)
(-0.093664,0.093664,0.673984);(0.000000,0.000000,0.693021);(-0.051849,0.121584,0.673984)
(-0.070262,0.029934,0.570640);(-0.054923,0.054923,0.518968);(-0.071362,0.030363,0.518968)
(-0.116004,0.049462,0.627751);(-0.054106,0.054106,0.570640);(-0.070262,0.029934,0.570640)
(-0.121584,0.051849,0.673984);(-0.089359,0.089359,0.627751);(-0.116004,0.049462,0.627751)
(-0.121584,0.051849,0.673984);(0.000000,0.000000,0.693021);(-0.093664,0.093664,0.673984)
(-0.076148,0.000000,0.570640);(-0.071362,0.030363,0.518968);(-0.077357,0.000000,0.518968)
(-0.125705,0.000000,0.627751);(-0.070262,0.029934,0.570640);(-0.076148,0.000000,0.570640)
(-0.131749,0.000000,0.673984);(-0.116004,0.049462,0.627751);(-0.125705,0.000000,0.627751)
(-0.131749,0.000000,0.673984);(0.000000,0.000000,0.693021);(-0.121584,0.051849,0.673984)
(0.071362,0.030363,0.518968);(0.076148,0.000000,0.570640);(0.077357,0.000000,0.518968)
(0.070262,0.029934,0.570640);(0.125705,0.000000,0.627751);(0.076148,0.000000,0.570640)
(0.116004,0.049462,0.627751);(0.131749,0.000000,0.673984);(0.125705,0.000000,0.627751)
(0.121584,0.051849,0.673984);(0.000000,0.000000,0.693021);(0.131749,0.000000,0.673984)
(0.054923,0.054923,0.518968);(0.070262,0.029934,0.570640);(0.071362,0.030363,0.518968)
(0.054106,0.054106,0.570640);(0.116004,0.049462,0.627751);(0.070262,0.029934,0.570640)
(0.089359,0.089359,0.627751);(0.121584,0.051849,0.673984);(0.116004,0.049462,0.627751)
(0.093664,0.093664,0.673984);(0.000000,0.000000,0.693021);(0.121584,0.051849,0.673984)
(0.029934,0.070262,0.570640);(0.054923,0.054923,0.518968);(0.030363,0.071362,0.518968)
(0.049462,0.116004,0.627751);(0.054106,0.054106,0.570640);(0.029934,0.070262,0.570640)
(0.051849,0.121584,0.673984);(0.089359,0.089359,0.627751);(0.049462,0.116004,0.627751)
(0.051849,0.121584,0.673984);(0.000000,0.000000,0.693021);(0.093664,0.093664,0.673984)
(0.000000,0.076148,0.570640);(0.030363,0.071362,0.518968);(0.000000,0.077357,0.518968)
(0.000000,0.125705,0.627751);(0.029934,0.070262,0.570640);(0.000000,0.076148,0.570640)
(0.000000,0.131749,0.673984);(0.049462,0.116004,0.627751);(0.000000,0.125705,0.627751)
(0.000000,0.131749,0.673984);(0.000000,0.000000,0.693021);(0.051849,0.121584,0.673984)
(0.175534,-0.412560,0.437381);(0.000000,-0.502820,0.402933);(0.197357,-0.463852,0.402933)
(0.125246,-0.294367,0.460950);(0.000000,-0.447220,0.437381);(0.175534,-0.412560,0.437381)
(0.069265,-0.162794,0.484520);(0.000000,-0.319097,0.460950);(0.125246,-0.294367,0.460950)
(0.030363,-0.071362,0.518968);(0.000000,-0.176471,0.484520);(0.069265,-0.162794,0.484520)
(0.317526,-0.317526,0.437381);(0.197357,-0.463852,0.402933);(0.357002,-0.357002,0.402933)
(0.226559,-0.226559,0.460950);(0.175534,-0.412560,0.437381);(0.317526,-0.317526,0.437381)
(0.125294,-0.125294,0.484520);(0.125246,-0.294367,0.460950);(0.226559,-0.226559,0.460950)
(0.054923,-0.054923,0.518968);(0.069265,-0.162794,0.484520);(0.125294,-0.125294,0.484520)
(0.463852,-0.197357,0.402933);(0.317526,-0.317526,0.437381);(0.357002,-0.357002,0.402933)
(0.412560,-0.175534,0.437381);(0.226559,-0.226559,0.460950);(0.317526,-0.317526,0.437381)
(0.294367,-0.125246,0.460950);(0.125294,-0.125294,0.484520);(0.226559,-0.226559,0.460950)
(0.162794,-0.069265,0.484520);(0.054923,-0.054923,0.518968);(0.125294,-0.125294,0.484520)
(0.502820,0.000000,0.402933);(0.412560,-0.175534,0.437381);(0.463852,-0.197357,0.402933)
(0.447220,0.000000,0.437381);(0.294367,-0.125246,0.460950);(0.412560,-0.175534,0.437381)
(0.319097,0.000000,0.460950);(0.162794,-0.069265,0.484520);(0.294367,-0.125246,0.460950)
(0.176471,0.000000,0.484520);(0.071362,-0.030363,0.518968);(0.162794,-0.069265,0.484520)
(-0.412560,-0.175534,0.437381);(-0.502820,0.000000,0.402933);(-0.463852,-0.197357,0.402933)
(-0.294367,-0.125246,0.460950);(-0.447220,0.000000,0.437381);(-0.412560,-0.175534,0.437381)
(-0.162794,-0.069265,0.484520);(-0.319097,0.000000,0.460950);(-0.294367,-0.125246,0.460950)
(-0.071362,-0.030363,0.518968);(-0.176471,0.000000,0.484520);(-0.162794,-0.069265,0.484520)
(-0.317526,-0.317526,0.437381);(-0.463852,-0.197357,0.402933);(-0.357002,-0.357002,0.402933)
(-0.226559,-0.226559,0.460950);(-0.412560,-0.175534,0.437381);(-0.317526,-0.317526,0.437381)
(-0.125294,-0.125294,0.484520);(-0.294367,-0.125246,0.460950);(-0.226559,-0.226559,0.460950)
(-0.054923,-0.054923,0.518968);(-0.162794,-0.069265,0.484520);(-0.125294,-0.125294,0.484520)
(-0.197357,-0.463852,0.402933);(-0.317526,-0.317526,0.437381);(-0.357002,-0.357002,0.402933)
(-0.175534,-0.412560,0.437381);(-0.226559,-0.226559,0.460950);(-0.317526,-0.317526,0.437381)
(-0.125246,-0.294367,0.460950);(-0.125294,-0.125294,0.484520);(-0.226559,-0.226559,0.460950)
(-0.069265,-0.162794,0.484520);(-0.054923,-0.054923,0.518968);(-0.125294,-0.125294,0.484520)
(0.000000,-0.502820,0.402933);(-0.175534,-0.412560,0.437381);(-0.197357,-0.463852,0.402933)
(0.000000,-0.447220,0.437381);(-0.125246,-0.294367,0.460950);(-0.175534,-0.412560,0.437381)
(0.000000,-0.319097,0.460950);(-0.069265,-0.162794,0.484520);(-0.125246,-0.294367,0.460950)
(0.000000,-0.176471,0.484520);(-0.030363,-0.071362,0.518968);(-0.069265,-0.162794,0.484520)
(-0.175534,0.412560,0.437381);(0.000000,0.502820,0.402933);(-0.197357,0.463852,0.402933)
(-0.125246,0.294367,0.460950);(0.000000,0.447220,0.437381);(-0.175534,0.412560,0.437381)
(-0.069265,0.162794,0.484520);(0.000000,0.319097,0.460950);(-0.125246,0.294367,0.460950)
(-0.030363,0.071362,0.518968);(0.000000,0.176471,0.484520);(-0.069265,0.162794,0.484520)
(-0.317526,0.317526,0.437381);(-0.197357,0.463852,0.402933);(-0.357002,0.357002,0.402933)
(-0.226559,0.226559,0.460950);(-0.175534,0.412560,0.437381);(-0.317526,0.317526,0.437381)
(-0.125294,0.125294,0.484520);(-0.125246,0.294367,0.460950);(-0.226559,0.226559,0.460950)
(-0.054923,0.054923,0.518968);(-0.069265,0.162794,0.484520);(-0.125294,0.125294,0.484520)
(-0.463852,0.197357,0.402933);(-0.317526,0.317526,0.437381);(-0.357002,0.357002,0.402933)
(-0.412560,0.175534,0.437381);(-0.226559,0.226559,0.460950);(-0.317526,0.317526,0.437381)
(-0.294367,0.125246,0.460950);(-0.125294,0.125294,0.484520);(-0.226559,0.226559,0.460950)
(-0.162794,0.069265,0.484520);(-0.054923,0.054923,0.518968);(-0.125294,0.125294,0.484520)
(-0.502820,0.000000,0.402933);(-0.412560,0.175534,0.437381);(-0.463852,0.197357,0.402933)
(-0.447220,0.000000,0.437381);(-0.294367,0.125246,0.460950);(-0.412560,0.175534,0.437381)
(-0.319097,0.000000,0.460950);(-0.162794,0.069265,0.484520);(-0.294367,0.125246,0.460950)
(-0.176471,0.000000,0.484520);(-0.071362,0.030363,0.518968);(-0.162794,0.069265,0.484520)
(0.412560,0.175534,0.437381);(0.502820,0.000000,0.402933);(0.463852,0.197357,0.402933)
(0.294367,0.125246,0.460950);(0.447220,0.000000,0.437381);(0.412560,0.175534,0.437381)
(0.162794,0.069265,0.484520);(0.319097,0.000000,0.460950);(0.294367,0.125246,0.460950)
(0.071362,0.030363,0.518968);(0.176471,0.000000,0.484520);(0.162794,0.069265,0.484520)
(0.317526,0.317526,0.437381);(0.463852,0.197357,0.402933);(0.357002,0.357002,0.402933)
(0.226559,0.226559,0.460950);(0.412560,0.175534,0.437381);(0.317526,0.317526,0.437381)
(0.125294,0.125294,0.484520);(0.294367,0.125246,0.460950);(0.226559,0.226559,0.460950)
(0.054923,0.054923,0.518968);(0.162794,0.069265,0.484520);(0.125294,0.125294,0.484520)
(0.197357,0.463852,0.402933);(0.317526,0.317526,0.437381);(0.357002,0.357002,0.402933)
(0.175534,0.412560,0.437381);(0.226559,0.226559,0.460950);(0.317526,0.317526,0.437381)
(0.125246,0.294367,0.460950);(0.125294,0.125294,0.484520);(0.226559,0.226559,0.460950)
(0.069265,0.162794,0.484520);(0.054923,0.054923,0.518968);(0.125294,0.125294,0.484520)
(0.000000,0.502820,0.402933);(0.175534,0.412560,0.437381);(0.197357,0.463852,0.402933)
(0.000000,0.447220,0.437381);(0.125246,0.294367,0.460950);(0.175534,0.412560,0.437381)
(0.000000,0.319097,0.460950);(0.069265,0.162794,0.484520);(0.125246,0.294367,0.460950)
(0.000000,0.176471,0.484520);(0.030363,0.071362,0.518968);(0.069265,0.162794,0.484520)
(0.222560,0.523088,-0.488637);(0.000000,0.580177,-0.467333);(0.227720,0.535213,-0.467333)
(0.194985,0.458277,-0.507220);(0.000000,0.567033,-0.488637);(0.222560,0.523088,-0.488637)
(0.126847,0.298131,-0.520365);(0.000000,0.496777,-0.507220);(0.194985,0.458277,-0.507220)
(0.126847,0.298131,-0.520365);(0.000000,0.000000,-0.525351);(0.000000,0.323177,-0.520365)
(0.402593,0.402593,-0.488637);(0.227720,0.535213,-0.467333);(0.411926,0.411926,-0.467333)
(0.352711,0.352711,-0.507220);(0.222560,0.523088,-0.488637);(0.402593,0.402593,-0.488637)
(0.229456,0.229456,-0.520365);(0.194985,0.458277,-0.507220);(0.352711,0.352711,-0.507220)
(0.229456,0.229456,-0.520365);(0.000000,0.000000,-0.525351);(0.126847,0.298131,-0.520365)
(0.535213,0.227720,-0.467333);(0.402593,0.402593,-0.488637);(0.411926,0.411926,-0.467333)
(0.523088,0.222560,-0.488637);(0.352711,0.352711,-0.507220);(0.402593,0.402593,-0.488637)
(0.458277,0.194985,-0.507220);(0.229456,0.229456,-0.520365);(0.352711,0.352711,-0.507220)
(0.298131,0.126847,-0.520365);(0.000000,0.000000,-0.525351);(0.229456,0.229456,-0.520365)
(0.580177,0.000000,-0.467333);(0.523088,0.222560,-0.488637);(0.535213,0.227720,-0.467333)
(0.567033,0.000000,-0.488637);(0.458277,0.194985,-0.507220);(0.523088,0.222560,-0.488637)
(0.496777,0.000000,-0.507220);(0.298131,0.126847,-0.520365);(0.458277,0.194985,-0.507220)
(0.323177,0.000000,-0.520365);(0.000000,0.000000,-0.525351);(0.298131,0.126847,-0.520365)
(-0.523088,0.222560,-0.488637);(-0.580177,0.000000,-0.467333);(-0.535213,0.227720,-0.467333)
(-0.458277,0.194985,-0.507220);(-0.567033,0.000000,-0.488637);(-0.523088,0.222560,-0.488637)
(-0.298131,0.126847,-0.520365);(-0.496777,0.000000,-0.507220);(-0.458277,0.194985,-0.507220)
(-0.298131,0.126847,-0.520365);(0.000000,0.000000,-0.525351);(-0.323177,0.000000,-0.520365)
(-0.402593,0.402593,-0.488637);(-0.535213,0.227720,-0.467333);(-0.411926,0.411926,-0.467333)
(-0.352711,0.352711,-0.507220);(-0.523088,0.222560,-0.488637);(-0.402593,0.402593,-0.488637)
(-0.229456,0.229456,-0.520365);(-0.458277,0.194985,-0.507220);(-0.352711,0.352711,-0.507220)
(-0.229456,0.229456,-0.520365);(0.000000,0.000000,-0.525351);(-0.298131,0.126847,-0.520365)
(-0.227720,0.535213,-0.467333);(-0.402593,0.402593,-0.488637);(-0.411926,0.411926,-0.467333)
(-0.222560,0.523088,-0.488637);(-0.352711,0.352711,-0.507220);(-0.402593,0.402593,-0.488637)
(-0.194985,0.458277,-0.507220);(-0.229456,0.229456,-0.520365);(-0.352711,0.352711,-0.507220)
(-0.126847,0.298131,-0.520365);(0.000000,0.000000,-0.525351);(-0.229456,0.229456,-0.520365)
(0.000000,0.580177,-0.467333);(-0.222560,0.523088,-0.488637);(-0.227720,0.535213,-0.467333)
(0.000000,0.567033,-0.488637);(-0.194985,0.458277,-0.507220);(-0.222560,0.523088,-0.488637)
(0.000000,0.496777,-0.507220);(-0.126847,0.298131,-0.520365);(-0.194985,0.458277,-0.507220)
(0.000000,0.323177,-0.520365);(0.000000,0.000000,-0.525351);(-0.126847,0.298131,-0.520365)
(-0.222560,-0.523088,-0.488637);(0.000000,-0.580177,-0.467333);(-0.227720,-0.535213,-0.467333)
(-0.194985,-0.458277,-0.507220);(0.000000,-0.567033,-0.488637);(-0.222560,-0.523088,-0.488637)
(-0.126847,-0.298131,-0.520365);(0.000000,-0.496777,-0.507220);(-0.194985,-0.458277,-0.507220)
(-0.126847,-0.298131,-0.520365);(0.000000,0.000000,-0.525351);(0.000000,-0.323177,-0.520365)
(-0.402593,-0.402593,-0.488637);(-0.227720,-0.535213,-0.467333);(-0.411926,-0.411926,-0.467333)
(-0.352711,-0.352711,-0.507220);(-0.222560,-0.523088,-0.488637);(-0.402593,-0.402593,-0.488637)
(-0.229456,-0.229456,-0.520365);(-0.194985,-0.458277,-0.507220);(-0.352711,-0.352711,-0.507220)
(-0.229456,-0.229456,-0.520365);(0.000000,0.000000,-0.525351);(-0.126847,-0.298131,-0.520365)
(-0.535213,-0.227720,-0.467333);(-0.402593,-0.402593,-0.488637);(-0.411926,-0.411926,-0.467333)
(-0.523088,-0.222560,-0.488637);(-0.352711,-0.352711,-0.507220);(-0.402593,-0.402593,-0.488637)
(-0.458277,-0.194985,-0.507220);(-0.229456,-0.229456,-0.520365);(-0.352711,-0.352711,-0.507220)
(-0.298131,-0.126847,-0.520365);(0.000000,0.000000,-0.525351);(-0.229456,-0.229456,-0.520365)
(-0.580177,0.000000,-0.467333);(-0.523088,-0.222560,-0.488637);(-0.535213,-0.227720,-0.467333)
(-0.567033,0.000000,-0.488637);(-0.458277,-0.194985,-0.507220);(-0.523088,-0.222560,-0.488637)
(-0.496777,0.000000,-0.507220);(-0.298131,-0.126847,-0.520365);(-0.458277,-0.194985,-0.507220)
(-0.323177,0.000000,-0.520365);(0.000000,0.000000,-0.525351);(-0.298131,-0.126847,-0.520365)
(0.523088,-0.222560,-0.488637);(0.580177,0.000000,-0.467333);(0.535213,-0.227720,-0.467333)
(0.458277,-0.194985,-0.507220);(0.567033,0.000000,-0.488637);(0.523088,-0.222560,-0.488637)
(0.298131,-0.126847,-0.520365);(0.496777,0.000000,-0.507220);(0.458277,-0.194985,-0.507220)
(0.298131,-0.126847,-0.520365);(0.000000,0.000000,-0.525351);(0.323177,0.000000,-0.520365)
(0.402593,-0.402593,-0.488637);(0.535213,-0.227720,-0.467333);(0.411926,-0.411926,-0.467333)
(0.352711,-0.352711,-0.507220);(0.523088,-0.222560,-0.488637);(0.402593,-0.402593,-0.488637)
(0.229456,-0.229456,-0.520365);(0.458277,-0.194985,-0.507220);(0.352711,-0.352711,-0.507220)
(0.229456,-0.229456,-0.520365);(0.000000,0.000000,-0.525351);(0.298131,-0.126847,-0.520365)
(0.227720,-0.535213,-0.467333);(0.402593,-0.402593,-0.488637);(0.411926,-0.411926,-0.467333)
(0.222560,-0.523088,-0.488637);(0.352711,-0.352711,-0.507220);(0.402593,-0.402593,-0.488637)
(0.194985,-0.458277,-0.507220);(0.229456,-0.229456,-0.520365);(0.352711,-0.352711,-0.507220)
(0.126847,-0.298131,-0.520365);(0.000000,0.000000,-0.525351);(0.229456,-0.229456,-0.520365)
(0.000000,-0.580177,-0.467333);(0.222560,-0.523088,-0.488637);(0.227720,-0.535213,-0.467333)
(0.000000,-0.567033,-0.488637);(0.194985,-0.458277,-0.507220);(0.222560,-0.523088,-0.488637)
(0.000000,-0.496777,-0.507220);(0.126847,-0.298131,-0.520365);(0.194985,-0.458277,-0.507220)
(0.000000,-0.323177,-0.520365);(0.000000,0.000000,-0.525351);(0.126847,-0.298131,-0.520365)
(0.220010,-0.517094,0.431488);(0.000000,-0.560536,0.431488);(0.000000,-0.580177,0.402933)
(0.213013,-0.500648,0.441007);(0.000000,-0.542707,0.441007);(0.000000,-0.560536,0.431488)
(0.209573,-0.492564,0.431488);(0.000000,-0.533944,0.431488);(0.000000,-0.542707,0.441007)
(0.209573,-0.492564,0.431488);(0.212538,-0.499533,0.402933);(0.000000,-0.541499,0.402933)
(0.397980,-0.397980,0.431488);(0.220010,-0.517094,0.431488);(0.227720,-0.535213,0.402933)
(0.385322,-0.385322,0.441007);(0.213013,-0.500648,0.441007);(0.220010,-0.517094,0.431488)
(0.379100,-0.379100,0.431488);(0.209573,-0.492564,0.431488);(0.213013,-0.500648,0.441007)
(0.379100,-0.379100,0.431488);(0.384464,-0.384464,0.402933);(0.212538,-0.499533,0.402933)
(0.535213,-0.227720,0.402933);(0.517094,-0.220010,0.431488);(0.397980,-0.397980,0.431488)
(0.517094,-0.220010,0.431488);(0.500648,-0.213013,0.441007);(0.385322,-0.385322,0.441007)
(0.500648,-0.213013,0.441007);(0.492564,-0.209573,0.431488);(0.379100,-0.379100,0.431488)
(0.499533,-0.212538,0.402933);(0.384464,-0.384464,0.402933);(0.379100,-0.379100,0.431488)
(0.580177,0.000000,0.402933);(0.560536,0.000000,0.431488);(0.517094,-0.220010,0.431488)
(0.560536,0.000000,0.431488);(0.542707,0.000000,0.441007);(0.500648,-0.213013,0.441007)
(0.542707,0.000000,0.441007);(0.533944,0.000000,0.431488);(0.492564,-0.209573,0.431488)
(0.541499,0.000000,0.402933);(0.499533,-0.212538,0.402933);(0.492564,-0.209573,0.431488)
(-0.517094,-0.220010,0.431488);(-0.560536,0.000000,0.431488);(-0.580177,0.000000,0.402933)
(-0.500648,-0.213013,0.441007);(-0.542707,0.000000,0.441007);(-0.560536,0.000000,0.431488)
(-0.492564,-0.209573,0.431488);(-0.533944,0.000000,0.431488);(-0.542707,0.000000,0.441007)
(-0.492564,-0.209573,0.431488);(-0.499533,-0.212538,0.402933);(-0.541499,0.000000,0.402933)
(-0.397980,-0.397980,0.431488);(-0.517094,-0.220010,0.431488);(-0.535213,-0.227720,0.402933)
(-0.385322,-0.385322,0.441007);(-0.500648,-0.213013,0.441007);(-0.517094,-0.220010,0.431488)
(-0.379100,-0.379100,0.431488);(-0.492564,-0.209573,0.431488);(-0.500648,-0.213013,0.441007)
(-0.379100,-0.379100,0.431488);(-0.384464,-0.384464,0.402933);(-0.499533,-0.212538,0.402933)
(-0.227720,-0.535213,0.402933);(-0.220010,-0.517094,0.431488);(-0.397980,-0.397980,0.431488)
(-0.220010,-0.517094,0.431488);(-0.213013,-0.500648,0.441007);(-0.385322,-0.385322,0.441007)
(-0.213013,-0.500648,0.441007);(-0.209573,-0.492564,0.431488);(-0.379100,-0.379100,0.431488)
(-0.212538,-0.499533,0.402933);(-0.384464,-0.384464,0.402933);(-0.379100,-0.379100,0.431488)
(0.000000,-0.580177,0.402933);(0.000000,-0.560536,0.431488);(-0.220010,-0.517094,0.431488)
(0.000000,-0.560536,0.431488);(0.000000,-0.542707,0.441007);(-0.213013,-0.500648,0.441007)
(0.000000,-0.542707,0.441007);(0.000000,-0.533944,0.431488);(-0.209573,-0.492564,0.431488)
(0.000000,-0.541499,0.402933);(-0.212538,-0.499533,0.402933);(-0.209573,-0.492564,0.431488)
(-0.220010,0.517094,0.431488);(0.000000,0.560536,0.431488);(0.000000,0.580177,0.402933)
(-0.213013,0.500648,0.441007);(0.000000,0.542707,0.441007);(0.000000,0.560536,0.431488)
(-0.209573,0.492564,0.431488);(0.000000,0.533944,0.431488);(0.000000,0.542707,0.441007)
(-0.209573,0.492564,0.431488);(-0.212538,0.499533,0.402933);(0.000000,0.541499,0.402933)
(-0.397980,0.397980,0.431488);(-0.220010,0.517094,0.431488);(-0.227720,0.535213,0.402933)
(-0.385322,0.385322,0.441007);(-0.213013,0.500648,0.441007);(-0.220010,0.517094,0.431488)
(-0.379100,0.379100,0.431488);(-0.209573,0.492564,0.431488);(-0.213013,0.500648,0.441007)
(-0.379100,0.379100,0.431488);(-0.384464,0.384464,0.402933);(-0.212538,0.499533,0.402933)
(-0.535213,0.227720,0.402933);(-0.517094,0.220010,0.431488);(-0.397980,0.397980,0.431488)
(-0.517094,0.220010,0.431488);(-0.500648,0.213013,0.441007);(-0.385322,0.385322,0.441007)
(-0.500648,0.213013,0.441007);(-0.492564,0.209573,0.431488);(-0.379100,0.379100,0.431488)
(-0.499533,0.212538,0.402933);(-0.384464,0.384464,0.402933);(-0.379100,0.379100,0.431488)
(-0.580177,0.000000,0.402933);(-0.560536,0.000000,0.431488);(-0.517094,0.220010,0.431488)
(-0.560536,0.000000,0.431488);(-0.542707,0.000000,0.441007);(-0.500648,0.213013,0.441007)
(-0.542707,0.000000,0.441007);(-0.533944,0.000000,0.431488);(-0.492564,0.209573,0.431488)
(-0.541499,0.000000,0.402933);(-0.499533,0.212538,0.402933);(-0.492564,0.209573,0.431488)
(0.517094,0.220010,0.431488);(0.560536,0.000000,0.431488);(0.580177,0.000000,0.402933)
(0.500648,0.213013,0.441007);(0.542707,0.000000,0.441007);(0.560536,0.000000,0.431488)
(0.492564,0.209573,0.431488);(0.533944,0.000000,0.431488);(0.542707,0.000000,0.441007)
(0.492564,0.209573,0.431488);(0.499533,0.212538,0.402933);(0.541499,0.000000,0.402933)
(0.397980,0.397980,0.431488);(0.517094,0.220010,0.431488);(0.535213,0.227720,0.402933)
(0.385322,0.385322,0.441007);(0.500648,0.213013,0.441007);(0.517094,0.220010,0.431488)
(0.379100,0.379100,0.431488);(0.492564,0.209573,0.431488);(0.500648,0.213013,0.441007)
(0.379100,0.379100,0.431488);(0.384464,0.384464,0.402933);(0.499533,0.212538,0.402933)
(0.227720,0.535213,0.402933);(0.220010,0.517094,0.431488);(0.397980,0.397980,0.431488)
(0.220010,0.517094,0.431488);(0.213013,0.500648,0.441007);(0.385322,0.385322,0.441007)
(0.213013,0.500648,0.441007);(0.209573,0.492564,0.431488);(0.379100,0.379100,0.431488)
(0.212538,0.499533,0.402933);(0.384464,0.384464,0.402933);(0.379100,0.379100,0.431488)
(0.000000,0.580177,0.402933);(0.000000,0.560536,0.431488);(0.220010,0.517094,0.431488)
(0.000000,0.560536,0.431488);(0.000000,0.542707,0.441007);(0.213013,0.500648,0.441007)
(0.000000,0.542707,0.441007);(0.000000,0.533944,0.431488);(0.209573,0.492564,0.431488)
(0.000000,0.541499,0.402933);(0.212538,0.499533,0.402933);(0.209573,0.492564,0.431488)
(0.297103,-0.698286,-0.041719);(0.000000,-0.756950,-0.041719);(0.000000,-0.773570,-0.177245)
(0.279905,-0.657867,0.101966);(0.000000,-0.713134,0.101966);(0.000000,-0.756950,-0.041719)
(0.255591,-0.600721,0.251089);(0.000000,-0.651188,0.251089);(0.000000,-0.713134,0.101966)
(0.227720,-0.535213,0.402933);(0.000000,-0.580177,0.402933);(0.000000,-0.651188,0.251089)
(0.537434,-0.537434,-0.041719);(0.297103,-0.698286,-0.041719);(0.303626,-0.713618,-0.177245)
(0.506325,-0.506325,0.101966);(0.279905,-0.657867,0.101966);(0.297103,-0.698286,-0.041719)
(0.462344,-0.462344,0.251089);(0.255591,-0.600721,0.251089);(0.279905,-0.657867,0.101966)
(0.411926,-0.411926,0.402933);(0.227720,-0.535213,0.402933);(0.255591,-0.600721,0.251089)
(0.713618,-0.303626,-0.177245);(0.698286,-0.297103,-0.041719);(0.537434,-0.537434,-0.041719)
(0.698286,-0.297103,-0.041719);(0.657867,-0.279905,0.101966);(0.506325,-0.506325,0.101966)
(0.657867,-0.279905,0.101966);(0.600721,-0.255591,0.251089);(0.462344,-0.462344,0.251089)
(0.600721,-0.255591,0.251089);(0.535213,-0.227720,0.402933);(0.411926,-0.411926,0.402933)
(0.773570,0.000000,-0.177245);(0.756950,0.000000,-0.041719);(0.698286,-0.297103,-0.041719)
(0.756950,0.000000,-0.041719);(0.713134,0.000000,0.101966);(0.657867,-0.279905,0.101966)
(0.713134,0.000000,0.101966);(0.651188,0.000000,0.251089);(0.600721,-0.255591,0.251089)
(0.651188,0.000000,0.251089);(0.580177,0.000000,0.402933);(0.535213,-0.227720,0.402933)
(-0.698286,-0.297103,-0.041719);(-0.756950,0.000000,-0.041719);(-0.773570,0.000000,-0.177245)
(-0.657867,-0.279905,0.101966);(-0.713134,0.000000,0.101966);(-0.756950,0.000000,-0.041719)
(-0.600721,-0.255591,0.251089);(-0.651188,0.000000,0.251089);(-0.713134,0.000000,0.101966)
(-0.535213,-0.227720,0.402933);(-0.580177,0.000000,0.402933);(-0.651188,0.000000,0.251089)
(-0.537434,-0.537434,-0.041719);(-0.698286,-0.297103,-0.041719);(-0.713618,-0.303626,-0.177245)
(-0.506325,-0.506325,0.101966);(-0.657867,-0.279905,0.101966);(-0.698286,-0.297103,-0.041719)
(-0.462344,-0.462344,0.251089);(-0.600721,-0.255591,0.251089);(-0.657867,-0.279905,0.101966)
(-0.411926,-0.411926,0.402933);(-0.535213,-0.227720,0.402933);(-0.600721,-0.255591,0.251089)
(-0.303626,-0.713618,-0.177245);(-0.297103,-0.698286,-0.041719);(-0.537434,-0.537434,-0.041719)
(-0.297103,-0.698286,-0.041719);(-0.279905,-0.657867,0.101966);(-0.506325,-0.506325,0.101966)
(-0.279905,-0.657867,0.101966);(-0.255591,-0.600721,0.251089);(-0.462344,-0.462344,0.251089)
(-0.255591,-0.600721,0.251089);(-0.227720,-0.535213,0.402933);(-0.411926,-0.411926,0.402933)
(0.000000,-0.773570,-0.177245);(0.000000,-0.756950,-0.041719);(-0.297103,-0.698286,-0.041719)
(0.000000,-0.756950,-0.041719);(0.000000,-0.713134,0.101966);(-0.279905,-0.657867,0.101966)
(0.000000,-0.713134,0.101966);(0.000000,-0.651188,0.251089);(-0.255591,-0.600721,0.251089)
(0.000000,-0.651188,0.251089);(0.000000,-0.580177,0.402933);(-0.227720,-0.535213,0.402933)
(-0.297103,0.698286,-0.041719);(0.000000,0.756950,-0.041719);(0.000000,0.773570,-0.177245)
(-0.279905,0.657867,0.101966);(0.000000,0.713134,0.101966);(0.000000,0.756950,-0.041719)
(-0.255591,0.600721,0.251089);(0.000000,0.651188,0.251089);(0.000000,0.713134,0.101966)
(-0.227720,0.535213,0.402933);(0.000000,0.580177,0.402933);(0.000000,0.651188,0.251089)
(-0.537434,0.537434,-0.041719);(-0.297103,0.698286,-0.041719);(-0.303626,0.713618,-0.177245)
(-0.506325,0.506325,0.101966);(-0.279905,0.657867,0.101966);(-0.297103,0.698286,-0.041719)
(-0.462344,0.462344,0.251089);(-0.255591,0.600721,0.251089);(-0.279905,0.657867,0.101966)
(-0.411926,0.411926,0.402933);(-0.227720,0.535213,0.402933);(-0.255591,0.600721,0.251089)
(-0.713618,0.303626,-0.177245);(-0.698286,0.297103,-0.041719);(-0.537434,0.537434,-0.041719)
(-0.698286,0.297103,-0.041719);(-0.657867,0.279905,0.101966);(-0.506325,0.506325,0.101966)
(-0.657867,0.279905,0.101966);(-0.600721,0.255591,0.251089);(-0.462344,0.462344,0.251089)
(-0.600721,0.255591,0.251089);(-0.535213,0.227720,0.402933);(-0.411926,0.411926,0.402933)
(-0.773570,0.000000,-0.177245);(-0.756950,0.000000,-0.041719);(-0.698286,0.297103,-0.041719)
(-0.756950,0.000000,-0.041719);(-0.713134,0.000000,0.101966);(-0.657867,0.279905,0.101966)
(-0.713134,0.000000,0.101966);(-0.651188,0.000000,0.251089);(-0.600721,0.255591,0.251089)
(-0.651188,0.000000,0.251089);(-0.580177,0.000000,0.402933);(-0.535213,0.227720,0.402933)
(0.698286,0.297103,-0.041719);(0.756950,0.000000,-0.041719);(0.773570,0.000000,-0.177245)
(0.657867,0.279905,0.101966);(0.713134,0.000000,0.101966);(0.756950,0.000000,-0.041719)
(0.600721,0.255591,0.251089);(0.651188,0.000000,0.251089);(0.713134,0.000000,0.101966)
(0.535213,0.227720,0.402933);(0.580177,0.000000,0.402933);(0.651188,0.000000,0.251089)
(0.537434,0.537434,-0.041719);(0.698286,0.297103,-0.041719);(0.713618,0.303626,-0.177245)
(0.506325,0.506325,0.101966);(0.657867,0.279905,0.101966);(0.698286,0.297103,-0.041719)
(0.462344,0.462344,0.251089);(0.600721,0.255591,0.251089);(0.657867,0.279905,0.101966)
(0.411926,0.411926,0.402933);(0.535213,0.227720,0.402933);(0.600721,0.255591,0.251089)
(0.303626,0.713618,-0.177245);(0.297103,0.698286,-0.041719);(0.537434,0.537434,-0.041719)
(0.297103,0.698286,-0.041719);(0.279905,0.657867,0.101966);(0.506325,0.506325,0.101966)
(0.279905,0.657867,0.101966);(0.255591,0.600721,0.251089);(0.462344,0.462344,0.251089)
(0.255591,0.600721,0.251089);(0.227720,0.535213,0.402933);(0.411926,0.411926,0.402933)
(0.000000,0.773570,-0.177245);(0.000000,0.756950,-0.041719);(0.297103,0.698286,-0.041719)
(0.000000,0.756950,-0.041719);(0.000000,0.713134,0.101966);(0.279905,0.657867,0.101966)
(0.000000,0.713134,0.101966);(0.000000,0.651188,0.251089);(0.255591,0.600721,0.251089)
(0.000000,0.651188,0.251089);(0.000000,0.580177,0.402933);(0.227720,0.535213,0.402933)
(0.227720,-0.535213,-0.467333);(0.239580,-0.563089,-0.434245);(0.000000,-0.610395,-0.434245)
(0.239580,-0.563089,-0.434245);(0.265673,-0.624416,-0.376680);(0.000000,-0.676873,-0.376680)
(0.265673,-0.624416,-0.376680);(0.291766,-0.685742,-0.291920);(0.000000,-0.743352,-0.291920)
(0.291766,-0.685742,-0.291920);(0.303626,-0.713618,-0.177245);(0.000000,-0.773570,-0.177245)
(0.411926,-0.411926,-0.467333);(0.433380,-0.433380,-0.434245);(0.239580,-0.563089,-0.434245)
(0.433380,-0.433380,-0.434245);(0.480580,-0.480580,-0.376680);(0.265673,-0.624416,-0.376680)
(0.480580,-0.480580,-0.376680);(0.527780,-0.527780,-0.291920);(0.291766,-0.685742,-0.291920)
(0.527780,-0.527780,-0.291920);(0.549234,-0.549234,-0.177245);(0.303626,-0.713618,-0.177245)
(0.563089,-0.239580,-0.434245);(0.433380,-0.433380,-0.434245);(0.411926,-0.411926,-0.467333)
(0.624416,-0.265673,-0.376680);(0.480580,-0.480580,-0.376680);(0.433380,-0.433380,-0.434245)
(0.685742,-0.291766,-0.291920);(0.527780,-0.527780,-0.291920);(0.480580,-0.480580,-0.376680)
(0.713618,-0.303626,-0.177245);(0.549234,-0.549234,-0.177245);(0.527780,-0.527780,-0.291920)
(0.610395,0.000000,-0.434245);(0.563089,-0.239580,-0.434245);(0.535213,-0.227720,-0.467333)
(0.676873,0.000000,-0.376680);(0.624416,-0.265673,-0.376680);(0.563089,-0.239580,-0.434245)
(0.743352,0.000000,-0.291920);(0.685742,-0.291766,-0.291920);(0.624416,-0.265673,-0.376680)
(0.773570,0.000000,-0.177245);(0.713618,-0.303626,-0.177245);(0.685742,-0.291766,-0.291920)
(-0.535213,-0.227720,-0.467333);(-0.563089,-0.239580,-0.434245);(-0.610395,0.000000,-0.434245)
(-0.563089,-0.239580,-0.434245);(-0.624416,-0.265673,-0.376680);(-0.676873,0.000000,-0.376680)
(-0.624416,-0.265673,-0.376680);(-0.685742,-0.291766,-0.291920);(-0.743352,0.000000,-0.291920)
(-0.685742,-0.291766,-0.291920);(-0.713618,-0.303626,-0.177245);(-0.773570,0.000000,-0.177245)
(-0.411926,-0.411926,-0.467333);(-0.433380,-0.433380,-0.434245);(-0.563089,-0.239580,-0.434245)
(-0.433380,-0.433380,-0.434245);(-0.480580,-0.480580,-0.376680);(-0.624416,-0.265673,-0.376680)
(-0.480580,-0.480580,-0.376680);(-0.527780,-0.527780,-0.291920);(-0.685742,-0.291766,-0.291920)
(-0.527780,-0.527780,-0.291920);(-0.549234,-0.549234,-0.177245);(-0.713618,-0.303626,-0.177245)
(-0.239580,-0.563089,-0.434245);(-0.433380,-0.433380,-0.434245);(-0.411926,-0.411926,-0.467333)
(-0.265673,-0.624416,-0.376680);(-0.480580,-0.480580,-0.376680);(-0.433380,-0.433380,-0.434245)
(-0.291766,-0.685742,-0.291920);(-0.527780,-0.527780,-0.291920);(-0.480580,-0.480580,-0.376680)
(-0.303626,-0.713618,-0.177245);(-0.549234,-0.549234,-0.177245);(-0.527780,-0.527780,-0.291920)
(0.000000,-0.610395,-0.434245);(-0.239580,-0.563089,-0.434245);(-0.227720,-0.535213,-0.467333)
(0.000000,-0.676873,-0.376680);(-0.265673,-0.624416,-0.376680);(-0.239580,-0.563089,-0.434245)
(0.000000,-0.743352,-0.291920);(-0.291766,-0.685742,-0.291920);(-0.265673,-0.624416,-0.376680)
(0.000000,-0.773570,-0.177245);(-0.303626,-0.713618,-0.177245);(-0.291766,-0.685742,-0.291920)
(-0.227720,0.535213,-0.467333);(-0.239580,0.563089,-0.434245);(0.000000,0.610395,-0.434245)
(-0.239580,0.563089,-0.434245);(-0.265673,0.624416,-0.376680);(0.000000,0.676873,-0.376680)
(-0.265673,0.624416,-0.376680);(-0.291766,0.685742,-0.291920);(0.000000,0.743352,-0.291920)
(-0.291766,0.685742,-0.291920);(-0.303626,0.713618,-0.177245);(0.000000,0.773570,-0.177245)
(-0.411926,0.411926,-0.467333);(-0.433380,0.433380,-0.434245);(-0.239580,0.563089,-0.434245)
(-0.433380,0.433380,-0.434245);(-0.480580,0.480580,-0.376680);(-0.265673,0.624416,-0.376680)
(-0.480580,0.480580,-0.376680);(-0.527780,0.527780,-0.291920);(-0.291766,0.685742,-0.291920)
(-0.527780,0.527780,-0.291920);(-0.549234,0.549234,-0.177245);(-0.303626,0.713618,-0.177245)
(-0.563089,0.239580,-0.434245);(-0.433380,0.433380,-0.434245);(-0.411926,0.411926,-0.467333)
(-0.624416,0.265673,-0.376680);(-0.480580,0.480580,-0.376680);(-0.433380,0.433380,-0.434245)
(-0.685742,0.291766,-0.291920);(-0.527780,0.527780,-0.291920);(-0.480580,0.480580,-0.376680)
(-0.713618,0.303626,-0.177245);(-0.549234,0.549234,-0.177245);(-0.527780,0.527780,-0.291920)
(-0.610395,0.000000,-0.434245);(-0.563089,0.239580,-0.434245);(-0.535213,0.227720,-0.467333)
(-0.676873,0.000000,-0.376680);(-0.624416,0.265673,-0.376680);(-0.563089,0.239580,-0.434245)
(-0.743352,0.000000,-0.291920);(-0.685742,0.291766,-0.291920);(-0.624416,0.265673,-0.376680)
(-0.773570,0.000000,-0.177245);(-0.713618,0.303626,-0.177245);(-0.685742,0.291766,-0.291920)
(0.535213,0.227720,-0.467333);(0.563089,0.239580,-0.434245);(0.610395,0.000000,-0.434245)
(0.563089,0.239580,-0.434245);(0.624416,0.265673,-0.376680);(0.676873,0.000000,-0.376680)
(0.624416,0.265673,-0.376680);(0.685742,0.291766,-0.291920);(0.743352,0.000000,-0.291920)
(0.685742,0.291766,-0.291920);(0.713618,0.303626,-0.177245);(0.773570,0.000000,-0.177245)
(0.411926,0.411926,-0.467333);(0.433380,0.433380,-0.434245);(0.563089,0.239580,-0.434245)
(0.433380,0.433380,-0.434245);(0.480580,0.480580,-0.376680);(0.624416,0.265673,-0.376680)
(0.480580,0.480580,-0.376680);(0.527780,0.527780,-0.291920);(0.685742,0.291766,-0.291920)
(0.527780,0.527780,-0.291920);(0.549234,0.549234,-0.177245);(0.713618,0.303626,-0.177245)
(0.239580,0.563089,-0.434245);(0.433380,0.433380,-0.434245);(0.411926,0.411926,-0.467333)
(0.265673,0.624416,-0.376680);(0.480580,0.480580,-0.376680);(0.433380,0.433380,-0.434245)
(0.291766,0.685742,-0.291920);(0.527780,0.527780,-0.291920);(0.480580,0.480580,-0.376680)
(0.303626,0.713618,-0.177245);(0.549234,0.549234,-0.177245);(0.527780,0.527780,-0.291920)
(0.000000,0.610395,-0.434245);(0.239580,0.563089,-0.434245);(0.227720,0.535213,-0.467333)
(0.000000,0.676873,-0.376680);(0.265673,0.624416,-0.376680);(0.239580,0.563089,-0.434245)
(0.000000,0.743352,-0.291920);(0.291766,0.685742,-0.291920);(0.265673,0.624416,-0.376680)
(0.000000,0.773570,-0.177245);(0.303626,0.713618,-0.177245);(0.291766,0.685742,-0.291920)
(-1.142224,-0.065270,0.170862);(-1.107190,-0.065270,0.263625);(-1.124093,0.000000,0.271486)
(-1.107190,-0.065270,0.263625);(-1.002468,-0.065270,0.311260);(-1.015310,0.000000,0.323158)
(-1.002468,-0.065270,0.311260);(-0.828622,-0.065270,0.328810);(-0.834005,0.000000,0.342195)
(-0.586221,-0.065270,0.331317);(-0.580177,0.000000,0.344915);(-0.834005,0.000000,0.342195)
(-1.102337,-0.087027,0.170862);(-1.070004,-0.087027,0.246330);(-1.107190,-0.065270,0.263625)
(-1.070004,-0.087027,0.246330);(-0.974214,-0.087027,0.285084);(-1.002468,-0.065270,0.311260)
(-0.974214,-0.087027,0.285084);(-0.816781,-0.087027,0.299362);(-0.828622,-0.065270,0.328810)
(-0.599516,-0.087027,0.301402);(-0.586221,-0.065270,0.331317);(-0.828622,-0.065270,0.328810)
(-1.062449,-0.065270,0.170862);(-1.032817,-0.065270,0.229035);(-1.070004,-0.087027,0.246330)
(-1.032817,-0.065270,0.229035);(-0.945961,-0.065270,0.258908);(-0.974214,-0.087027,0.285084)
(-0.945961,-0.065270,0.258908);(-0.804939,-0.065270,0.269914);(-0.816781,-0.087027,0.299362)
(-0.612812,-0.065270,0.271486);(-0.599516,-0.087027,0.301402);(-0.816781,-0.087027,0.299362)
(-1.044319,0.000000,0.170862);(-1.015914,0.000000,0.221174);(-1.032817,-0.065270,0.229035)
(-1.015914,0.000000,0.221174);(-0.933118,0.000000,0.247010);(-0.945961,-0.065270,0.258908)
(-0.933118,0.000000,0.247010);(-0.799557,0.000000,0.256529);(-0.804939,-0.065270,0.269914)
(-0.618856,0.000000,0.257888);(-0.612812,-0.065270,0.271486);(-0.804939,-0.065270,0.269914)
(-1.032817,0.065270,0.229035);(-1.015914,0.000000,0.221174);(-1.044319,0.000000,0.170862)
(-0.945961,0.065270,0.258908);(-0.933118,0.000000,0.247010);(-1.015914,0.000000,0.221174)
(-0.804939,0.065270,0.269914);(-0.799557,0.000000,0.256529);(-0.933118,0.000000,0.247010)
(-0.804939,0.065270,0.269914);(-0.612812,0.065270,0.271486);(-0.618856,0.000000,0.257888)
(-1.070004,0.087027,0.246330);(-1.032817,0.065270,0.229035);(-1.062449,0.065270,0.170862)
(-0.974214,0.087027,0.285084);(-0.945961,0.065270,0.258908);(-1.032817,0.065270,0.229035)
(-0.816781,0.087027,0.299362);(-0.804939,0.065270,0.269914);(-0.945961,0.065270,0.258908)
(-0.816781,0.087027,0.299362);(-0.599516,0.087027,0.301402);(-0.612812,0.065270,0.271486)
(-1.107190,0.065270,0.263625);(-1.070004,0.087027,0.246330);(-1.102337,0.087027,0.170862)
(-1.002468,0.065270,0.311260);(-0.974214,0.087027,0.285084);(-1.070004,0.087027,0.246330)
(-0.828622,0.065270,0.328810);(-0.816781,0.087027,0.299362);(-0.974214,0.087027,0.285084)
(-0.828622,0.065270,0.328810);(-0.586221,0.065270,0.331317);(-0.599516,0.087027,0.301402)
(-1.124093,0.000000,0.271486);(-1.107190,0.065270,0.263625);(-1.142224,0.065270,0.170862)
(-1.015310,0.000000,0.323158);(-1.002468,0.065270,0.311260);(-1.107190,0.065270,0.263625)
(-0.834005,0.000000,0.342195);(-0.828622,0.065270,0.328810);(-1.002468,0.065270,0.311260)
(-0.834005,0.000000,0.342195);(-0.580177,0.000000,0.344915);(-0.586221,0.065270,0.331317)
(-0.740935,-0.065270,-0.275149);(-0.919643,-0.065270,-0.175821);(-0.923751,0.000000,-0.190163)
(-0.919643,-0.065270,-0.175821);(-1.044697,-0.065270,-0.065912);(-1.056406,0.000000,-0.077527)
(-1.044697,-0.065270,-0.065912);(-1.118191,-0.065270,0.050882);(-1.134669,0.000000,0.043268)
(-1.118191,-0.065270,0.050882);(-1.142224,-0.065270,0.170862);(-1.160354,0.000000,0.170862)
(-0.754230,-0.087027,-0.235262);(-0.910606,-0.087027,-0.144270);(-0.919643,-0.065270,-0.175821)
(-0.910606,-0.087027,-0.144270);(-1.018936,-0.087027,-0.040359);(-1.044697,-0.065270,-0.065912)
(-1.018936,-0.087027,-0.040359);(-1.081940,-0.087027,0.067631);(-1.118191,-0.065270,0.050882)
(-1.081940,-0.087027,0.067631);(-1.102337,-0.087027,0.170862);(-1.142224,-0.065270,0.170862)
(-0.767526,-0.065270,-0.195375);(-0.901569,-0.065270,-0.112718);(-0.910606,-0.087027,-0.144270)
(-0.901569,-0.065270,-0.112718);(-0.993176,-0.065270,-0.014806);(-1.018936,-0.087027,-0.040359)
(-0.993176,-0.065270,-0.014806);(-1.045688,-0.065270,0.084381);(-1.081940,-0.087027,0.067631)
(-1.045688,-0.065270,0.084381);(-1.062449,-0.065270,0.170862);(-1.102337,-0.087027,0.170862)
(-0.773570,0.000000,-0.177245);(-0.897462,0.000000,-0.098377);(-0.901569,-0.065270,-0.112718)
(-0.897462,0.000000,-0.098377);(-0.981466,0.000000,-0.003191);(-0.993176,-0.065270,-0.014806)
(-0.981466,0.000000,-0.003191);(-1.029210,0.000000,0.091994);(-1.045688,-0.065270,0.084381)
(-1.029210,0.000000,0.091994);(-1.044319,0.000000,0.170862);(-1.062449,-0.065270,0.170862)
(-0.901569,0.065270,-0.112718);(-0.897462,0.000000,-0.098377);(-0.773570,0.000000,-0.177245)
(-0.993176,0.065270,-0.014806);(-0.981466,0.000000,-0.003191);(-0.897462,0.000000,-0.098377)
(-1.045688,0.065270,0.084381);(-1.029210,0.000000,0.091994);(-0.981466,0.000000,-0.003191)
(-1.062449,0.065270,0.170862);(-1.044319,0.000000,0.170862);(-1.029210,0.000000,0.091994)
(-0.910606,0.087027,-0.144270);(-0.901569,0.065270,-0.112718);(-0.767526,0.065270,-0.195375)
(-1.018936,0.087027,-0.040359);(-0.993176,0.065270,-0.014806);(-0.901569,0.065270,-0.112718)
(-1.081940,0.087027,0.067631);(-1.045688,0.065270,0.084381);(-0.993176,0.065270,-0.014806)
(-1.102337,0.087027,0.170862);(-1.062449,0.065270,0.170862);(-1.045688,0.065270,0.084381)
(-0.919643,0.065270,-0.175821);(-0.910606,0.087027,-0.144270);(-0.754230,0.087027,-0.235262)
(-1.044697,0.065270,-0.065912);(-1.018936,0.087027,-0.040359);(-0.910606,0.087027,-0.144270)
(-1.118191,0.065270,0.050882);(-1.081940,0.087027,0.067631);(-1.018936,0.087027,-0.040359)
(-1.142224,0.065270,0.170862);(-1.102337,0.087027,0.170862);(-1.081940,0.087027,0.067631)
(-0.923751,0.000000,-0.190163);(-0.919643,0.065270,-0.175821);(-0.740935,0.065270,-0.275149)
(-1.056406,0.000000,-0.077527);(-1.044697,0.065270,-0.065912);(-0.919643,0.065270,-0.175821)
(-1.134669,0.000000,0.043268);(-1.118191,0.065270,0.050882);(-1.044697,0.065270,-0.065912)
(-1.160354,0.000000,0.170862);(-1.142224,0.065270,0.170862);(-1.118191,0.065270,0.050882)
(1.240129,-0.054392,0.402933);(1.086888,-0.068329,0.252987);(1.108984,0.000000,0.245197)
(1.021353,-0.098993,0.054600);(1.039484,0.000000,0.033070);(1.108984,0.000000,0.245197)
(0.919558,-0.129656,-0.131210);(0.933723,0.000000,-0.168179);(1.039484,0.000000,0.033070)
(0.657534,-0.143594,-0.243421);(0.657534,0.000000,-0.293280);(0.933723,0.000000,-0.168179)
(1.160354,-0.072522,0.402933);(1.038275,-0.091106,0.270126);(1.086888,-0.068329,0.252987)
(0.981466,-0.131990,0.101966);(1.021353,-0.098993,0.054600);(1.086888,-0.068329,0.252987)
(0.888396,-0.172875,-0.049878);(0.919558,-0.129656,-0.131210);(1.021353,-0.098993,0.054600)
(0.657534,-0.191458,-0.133731);(0.657534,-0.143594,-0.243421);(0.919558,-0.129656,-0.131210)
(1.080580,-0.054392,0.402933);(0.989663,-0.068329,0.287265);(1.038275,-0.091106,0.270126)
(0.941579,-0.098993,0.149332);(0.981466,-0.131990,0.101966);(1.038275,-0.091106,0.270126)
(0.857234,-0.129656,0.031455);(0.888396,-0.172875,-0.049878);(0.981466,-0.131990,0.101966)
(0.657534,-0.143594,-0.024042);(0.657534,-0.191458,-0.133731);(0.888396,-0.172875,-0.049878)
(1.044319,0.000000,0.402933);(0.967566,0.000000,0.295056);(0.989663,-0.068329,0.287265)
(0.923449,0.000000,0.170862);(0.941579,-0.098993,0.149332);(0.989663,-0.068329,0.287265)
(0.843070,0.000000,0.068424);(0.857234,-0.129656,0.031455);(0.941579,-0.098993,0.149332)
(0.657534,0.000000,0.025817);(0.657534,-0.143594,-0.024042);(0.857234,-0.129656,0.031455)
(0.989663,0.068329,0.287265);(0.967566,0.000000,0.295056);(1.044319,0.000000,0.402933)
(0.989663,0.068329,0.287265);(0.941579,0.098993,0.149332);(0.923449,0.000000,0.170862)
(0.941579,0.098993,0.149332);(0.857234,0.129656,0.031455);(0.843070,0.000000,0.068424)
(0.857234,0.129656,0.031455);(0.657534,0.143594,-0.024042);(0.657534,0.000000,0.025817)
(1.038275,0.091106,0.270126);(0.989663,0.068329,0.287265);(1.080580,0.054392,0.402933)
(1.038275,0.091106,0.270126);(0.981466,0.131990,0.101966);(0.941579,0.098993,0.149332)
(0.981466,0.131990,0.101966);(0.888396,0.172875,-0.049878);(0.857234,0.129656,0.031455)
(0.888396,0.172875,-0.049878);(0.657534,0.191458,-0.133731);(0.657534,0.143594,-0.024042)
(1.086888,0.068329,0.252987);(1.038275,0.091106,0.270126);(1.160354,0.072522,0.402933)
(1.086888,0.068329,0.252987);(1.021353,0.098993,0.054600);(0.981466,0.131990,0.101966)
(1.021353,0.098993,0.054600);(0.919558,0.129656,-0.131210);(0.888396,0.172875,-0.049878)
(0.919558,0.129656,-0.131210);(0.657534,0.143594,-0.243421);(0.657534,0.191458,-0.133731)
(1.108984,0.000000,0.245197);(1.086888,0.068329,0.252987);(1.240129,0.054392,0.402933)
(1.108984,0.000000,0.245197);(1.039484,0.000000,0.033070);(1.021353,0.098993,0.054600)
(1.039484,0.000000,0.033070);(0.933723,0.000000,-0.168179);(0.919558,0.129656,-0.131210)
(0.933723,0.000000,-0.168179);(0.657534,0.000000,-0.293280);(0.657534,0.143594,-0.243421)
(1.265837,-0.036034,0.425274);(1.296787,0.000000,0.426389);(1.237711,0.000000,0.402933)
(1.289497,-0.043513,0.431573);(1.325947,0.000000,0.432848);(1.296787,0.000000,0.426389)
(1.289497,-0.043513,0.431573);(1.281824,-0.050992,0.423553);(1.320658,0.000000,0.424349)
(1.281824,-0.050992,0.423553);(1.240129,-0.054392,0.402933);(1.276390,0.000000,0.402933)
(1.197749,-0.048046,0.422820);(1.265837,-0.036034,0.425274);(1.213537,-0.032635,0.402933)
(1.209307,-0.058018,0.428769);(1.289497,-0.043513,0.431573);(1.265837,-0.036034,0.425274)
(1.209307,-0.058018,0.428769);(1.196389,-0.067990,0.421800);(1.281824,-0.050992,0.423553)
(1.196389,-0.067990,0.421800);(1.160354,-0.072522,0.402933);(1.240129,-0.054392,0.402933)
(1.129660,-0.036034,0.420366);(1.197749,-0.048046,0.422820);(1.160354,-0.043513,0.402933)
(1.129117,-0.043513,0.425964);(1.209307,-0.058018,0.428769);(1.197749,-0.048046,0.422820)
(1.129117,-0.043513,0.425964);(1.110953,-0.050992,0.420047);(1.196389,-0.067990,0.421800)
(1.110953,-0.050992,0.420047);(1.080580,-0.054392,0.402933);(1.160354,-0.072522,0.402933)
(1.098711,0.000000,0.419250);(1.129660,-0.036034,0.420366);(1.107171,-0.032635,0.402933)
(1.092667,0.000000,0.424689);(1.129117,-0.043513,0.425964);(1.129660,-0.036034,0.420366)
(1.092667,0.000000,0.424689);(1.072119,0.000000,0.419250);(1.110953,-0.050992,0.420047)
(1.072119,0.000000,0.419250);(1.044319,0.000000,0.402933);(1.080580,-0.054392,0.402933)
(1.107171,0.032635,0.402933);(1.129660,0.036034,0.420366);(1.098711,0.000000,0.419250)
(1.129660,0.036034,0.420366);(1.129117,0.043513,0.425964);(1.092667,0.000000,0.424689)
(1.110953,0.050992,0.420047);(1.072119,0.000000,0.419250);(1.092667,0.000000,0.424689)
(1.080580,0.054392,0.402933);(1.044319,0.000000,0.402933);(1.072119,0.000000,0.419250)
(1.160354,0.043513,0.402933);(1.197749,0.048046,0.422820);(1.129660,0.036034,0.420366)
(1.197749,0.048046,0.422820);(1.209307,0.058018,0.428769);(1.129117,0.043513,0.425964)
(1.196389,0.067990,0.421800);(1.110953,0.050992,0.420047);(1.129117,0.043513,0.425964)
(1.160354,0.072522,0.402933);(1.080580,0.054392,0.402933);(1.110953,0.050992,0.420047)
(1.213537,0.032635,0.402933);(1.265837,0.036034,0.425274);(1.197749,0.048046,0.422820)
(1.265837,0.036034,0.425274);(1.289497,0.043513,0.431573);(1.209307,0.058018,0.428769)
(1.281824,0.050992,0.423553);(1.196389,0.067990,0.421800);(1.209307,0.058018,0.428769)
(1.240129,0.054392,0.402933);(1.160354,0.072522,0.402933);(1.196389,0.067990,0.421800)
(1.237711,0.000000,0.402933);(1.296787,0.000000,0.426389);(1.265837,0.036034,0.425274)
(1.296787,0.000000,0.426389);(1.325947,0.000000,0.432848);(1.289497,0.043513,0.431573)
(1.320658,0.000000,0.424349);(1.281824,0.050992,0.423553);(1.289497,0.043513,0.431573)
(1.276390,0.000000,0.402933);(1.240129,0.054392,0.402933);(1.281824,0.050992,0.423553)
(0.030363,-0.071362,0.518968);(0.029934,-0.070262,0.570640);(0.000000,-0.076148,0.570640)
(0.029934,-0.070262,0.570640);(0.049462,-0.116004,0.627751);(0.000000,-0.125705,0.627751)
(0.049462,-0.116004,0.627751);(0.051849,-0.121584,0.673984);(0.000000,-0.131749,0.673984)
(0.054923,-0.054923,0.518968);(0.054106,-0.054106,0.570640);(0.029934,-0.070262,0.570640)
(0.054106,-0.054106,0.570640);(0.089359,-0.089359,0.627751);(0.049462,-0.116004,0.627751)
(0.089359,-0.089359,0.627751);(0.093664,-0.093664,0.673984);(0.051849,-0.121584,0.673984)
(0.070262,-0.029934,0.570640);(0.054106,-0.054106,0.570640);(0.054923,-0.054923,0.518968)
(0.116004,-0.049462,0.627751);(0.089359,-0.089359,0.627751);(0.054106,-0.054106,0.570640)
(0.121584,-0.051849,0.673984);(0.093664,-0.093664,0.673984);(0.089359,-0.089359,0.627751)
(0.076148,0.000000,0.570640);(0.070262,-0.029934,0.570640);(0.071362,-0.030363,0.518968)
(0.125705,0.000000,0.627751);(0.116004,-0.049462,0.627751);(0.070262,-0.029934,0.570640)
(0.131749,0.000000,0.673984);(0.121584,-0.051849,0.673984);(0.116004,-0.049462,0.627751)
(-0.071362,-0.030363,0.518968);(-0.070262,-0.029934,0.570640);(-0.076148,0.000000,0.570640)
(-0.070262,-0.029934,0.570640);(-0.116004,-0.049462,0.627751);(-0.125705,0.000000,0.627751)
(-0.116004,-0.049462,0.627751);(-0.121584,-0.051849,0.673984);(-0.131749,0.000000,0.673984)
(-0.054923,-0.054923,0.518968);(-0.054106,-0.054106,0.570640);(-0.070262,-0.029934,0.570640)
(-0.054106,-0.054106,0.570640);(-0.089359,-0.089359,0.627751);(-0.116004,-0.049462,0.627751)
(-0.089359,-0.089359,0.627751);(-0.093664,-0.093664,0.673984);(-0.121584,-0.051849,0.673984)
(-0.029934,-0.070262,0.570640);(-0.054106,-0.054106,0.570640);(-0.054923,-0.054923,0.518968)
(-0.049462,-0.116004,0.627751);(-0.089359,-0.089359,0.627751);(-0.054106,-0.054106,0.570640)
(-0.051849,-0.121584,0.673984);(-0.093664,-0.093664,0.673984);(-0.089359,-0.089359,0.627751)
(0.000000,-0.076148,0.570640);(-0.029934,-0.070262,0.570640);(-0.030363,-0.071362,0.518968)
(0.000000,-0.125705,0.627751);(-0.049462,-0.116004,0.627751);(-0.029934,-0.070262,0.570640)
(0.000000,-0.131749,0.673984);(-0.051849,-0.121584,0.673984);(-0.049462,-0.116004,0.627751)
(-0.030363,0.071362,0.518968);(-0.029934,0.070262,0.570640);(0.000000,0.076148,0.570640)
(-0.029934,0.070262,0.570640);(-0.049462,0.116004,0.627751);(0.000000,0.125705,0.627751)
(-0.049462,0.116004,0.627751);(-0.051849,0.121584,0.673984);(0.000000,0.131749,0.673984)
(-0.054923,0.054923,0.518968);(-0.054106,0.054106,0.570640);(-0.029934,0.070262,0.570640)
(-0.054106,0.054106,0.570640);(-0.089359,0.089359,0.627751);(-0.049462,0.116004,0.627751)
(-0.089359,0.089359,0.627751);(-0.093664,0.093664,0.673984);(-0.051849,0.121584,0.673984)
(-0.070262,0.029934,0.570640);(-0.054106,0.054106,0.570640);(-0.054923,0.054923,0.518968)
(-0.116004,0.049462,0.627751);(-0.089359,0.089359,0.627751);(-0.054106,0.054106,0.570640)
(-0.121584,0.051849,0.673984);(-0.093664,0.093664,0.673984);(-0.089359,0.089359,0.627751)
(-0.076148,0.000000,0.570640);(-0.070262,0.029934,0.570640);(-0.071362,0.030363,0.518968)
(-0.125705,0.000000,0.627751);(-0.116004,0.049462,0.627751);(-0.070262,0.029934,0.570640)
(-0.131749,0.000000,0.673984);(-0.121584,0.051849,0.673984);(-0.116004,0.049462,0.627751)
(0.071362,0.030363,0.518968);(0.070262,0.029934,0.570640);(0.076148,0.000000,0.570640)
(0.070262,0.029934,0.570640);(0.116004,0.049462,0.627751);(0.125705,0.000000,0.627751)
(0.116004,0.049462,0.627751);(0.121584,0.051849,0.673984);(0.131749,0.000000,0.673984)
(0.054923,0.054923,0.518968);(0.054106,0.054106,0.570640);(0.070262,0.029934,0.570640)
(0.054106,0.054106,0.570640);(0.089359,0.089359,0.627751);(0.116004,0.049462,0.627751)
(0.089359,0.089359,0.627751);(0.093664,0.093664,0.673984);(0.121584,0.051849,0.673984)
(0.029934,0.070262,0.570640);(0.054106,0.054106,0.570640);(0.054923,0.054923,0.518968)
(0.049462,0.116004,0.627751);(0.089359,0.089359,0.627751);(0.054106,0.054106,0.570640)
(0.051849,0.121584,0.673984);(0.093664,0.093664,0.673984);(0.089359,0.089359,0.627751)
(0.000000,0.076148,0.570640);(0.029934,0.070262,0.570640);(0.030363,0.071362,0.518968)
(0.000000,0.125705,0.627751);(0.049462,0.116004,0.627751);(0.029934,0.070262,0.570640)
(0.000000,0.131749,0.673984);(0.051849,0.121584,0.673984);(0.049462,0.116004,0.627751)
(0.175534,-0.412560,0.437381);(0.000000,-0.447220,0.437381);(0.000000,-0.502820,0.402933)
(0.125246,-0.294367,0.460950);(0.000000,-0.319097,0.460950);(0.000000,-0.447220,0.437381)
(0.069265,-0.162794,0.484520);(0.000000,-0.176471,0.484520);(0.000000,-0.319097,0.460950)
(0.030363,-0.071362,0.518968);(0.000000,-0.077357,0.518968);(0.000000,-0.176471,0.484520)
(0.317526,-0.317526,0.437381);(0.175534,-0.412560,0.437381);(0.197357,-0.463852,0.402933)
(0.226559,-0.226559,0.460950);(0.125246,-0.294367,0.460950);(0.175534,-0.412560,0.437381)
(0.125294,-0.125294,0.484520);(0.069265,-0.162794,0.484520);(0.125246,-0.294367,0.460950)
(0.054923,-0.054923,0.518968);(0.030363,-0.071362,0.518968);(0.069265,-0.162794,0.484520)
(0.463852,-0.197357,0.402933);(0.412560,-0.175534,0.437381);(0.317526,-0.317526,0.437381)
(0.412560,-0.175534,0.437381);(0.294367,-0.125246,0.460950);(0.226559,-0.226559,0.460950)
(0.294367,-0.125246,0.460950);(0.162794,-0.069265,0.484520);(0.125294,-0.125294,0.484520)
(0.162794,-0.069265,0.484520);(0.071362,-0.030363,0.518968);(0.054923,-0.054923,0.518968)
(0.502820,0.000000,0.402933);(0.447220,0.000000,0.437381);(0.412560,-0.175534,0.437381)
(0.447220,0.000000,0.437381);(0.319097,0.000000,0.460950);(0.294367,-0.125246,0.460950)
(0.319097,0.000000,0.460950);(0.176471,0.000000,0.484520);(0.162794,-0.069265,0.484520)
(0.176471,0.000000,0.484520);(0.077357,0.000000,0.518968);(0.071362,-0.030363,0.518968)
(-0.412560,-0.175534,0.437381);(-0.447220,0.000000,0.437381);(-0.502820,0.000000,0.402933)
(-0.294367,-0.125246,0.460950);(-0.319097,0.000000,0.460950);(-0.447220,0.000000,0.437381)
(-0.162794,-0.069265,0.484520);(-0.176471,0.000000,0.484520);(-0.319097,0.000000,0.460950)
(-0.071362,-0.030363,0.518968);(-0.077357,0.000000,0.518968);(-0.176471,0.000000,0.484520)
(-0.317526,-0.317526,0.437381);(-0.412560,-0.175534,0.437381);(-0.463852,-0.197357,0.402933)
(-0.226559,-0.226559,0.460950);(-0.294367,-0.125246,0.460950);(-0.412560,-0.175534,0.437381)
(-0.125294,-0.125294,0.484520);(-0.162794,-0.069265,0.484520);(-0.294367,-0.125246,0.460950)
(-0.054923,-0.054923,0.518968);(-0.071362,-0.030363,0.518968);(-0.162794,-0.069265,0.484520)
(-0.197357,-0.463852,0.402933);(-0.175534,-0.412560,0.437381);(-0.317526,-0.317526,0.437381)
(-0.175534,-0.412560,0.437381);(-0.125246,-0.294367,0.460950);(-0.226559,-0.226559,0.460950)
(-0.125246,-0.294367,0.460950);(-0.069265,-0.162794,0.484520);(-0.125294,-0.125294,0.484520)
(-0.069265,-0.162794,0.484520);(-0.030363,-0.071362,0.518968);(-0.054923,-0.054923,0.518968)
(0.000000,-0.502820,0.402933);(0.000000,-0.447220,0.437381);(-0.175534,-0.412560,0.437381)
(0.000000,-0.447220,0.437381);(0.000000,-0.319097,0.460950);(-0.125246,-0.294367,0.460950)
(0.000000,-0.319097,0.460950);(0.000000,-0.176471,0.484520);(-0.069265,-0.162794,0.484520)
(0.000000,-0.176471,0.484520);(0.000000,-0.077357,0.518968);(-0.030363,-0.071362,0.518968)
(-0.175534,0.412560,0.437381);(0.000000,0.447220,0.437381);(0.000000,0.502820,0.402933)
(-0.125246,0.294367,0.460950);(0.000000,0.319097,0.460950);(0.000000,0.447220,0.437381)
(-0.069265,0.162794,0.484520);(0.000000,0.176471,0.484520);(0.000000,0.319097,0.460950)
(-0.030363,0.071362,0.518968);(0.000000,0.077357,0.518968);(0.000000,0.176471,0.484520)
(-0.317526,0.317526,0.437381);(-0.175534,0.412560,0.437381);(-0.197357,0.463852,0.402933)
(-0.226559,0.226559,0.460950);(-0.125246,0.294367,0.460950);(-0.175534,0.412560,0.437381)
(-0.125294,0.125294,0.484520);(-0.069265,0.162794,0.484520);(-0.125246,0.294367,0.460950)
(-0.054923,0.054923,0.518968);(-0.030363,0.071362,0.518968);(-0.069265,0.162794,0.484520)
(-0.463852,0.197357,0.402933);(-0.412560,0.175534,0.437381);(-0.317526,0.317526,0.437381)
(-0.412560,0.175534,0.437381);(-0.294367,0.125246,0.460950);(-0.226559,0.226559,0.460950)
(-0.294367,0.125246,0.460950);(-0.162794,0.069265,0.484520);(-0.125294,0.125294,0.484520)
(-0.162794,0.069265,0.484520);(-0.071362,0.030363,0.518968);(-0.054923,0.054923,0.518968)
(-0.502820,0.000000,0.402933);(-0.447220,0.000000,0.437381);(-0.412560,0.175534,0.437381)
(-0.447220,0.000000,0.437381);(-0.319097,0.000000,0.460950);(-0.294367,0.125246,0.460950)
(-0.319097,0.000000,0.460950);(-0.176471,0.000000,0.484520);(-0.162794,0.069265,0.484520)
(-0.176471,0.000000,0.484520);(-0.077357,0.000000,0.518968);(-0.071362,0.030363,0.518968)
(0.412560,0.175534,0.437381);(0.447220,0.000000,0.437381);(0.502820,0.000000,0.402933)
(0.294367,0.125246,0.460950);(0.319097,0.000000,0.460950);(0.447220,0.000000,0.437381)
(0.162794,0.069265,0.484520);(0.176471,0.000000,0.484520);(0.319097,0.000000,0.460950)
(0.071362,0.030363,0.518968);(0.077357,0.000000,0.518968);(0.176471,0.000000,0.484520)
(0.317526,0.317526,0.437381);(0.412560,0.175534,0.437381);(0.463852,0.197357,0.402933)
(0.226559,0.226559,0.460950);(0.294367,0.125246,0.460950);(0.412560,0.175534,0.437381)
(0.125294,0.125294,0.484520);(0.162794,0.069265,0.484520);(0.294367,0.125246,0.460950)
(0.054923,0.054923,0.518968);(0.071362,0.030363,0.518968);(0.162794,0.069265,0.484520)
(0.197357,0.463852,0.402933);(0.175534,0.412560,0.437381);(0.317526,0.317526,0.437381)
(0.175534,0.412560,0.437381);(0.125246,0.294367,0.460950);(0.226559,0.226559,0.460950)
(0.125246,0.294367,0.460950);(0.069265,0.162794,0.484520);(0.125294,0.125294,0.484520)
(0.069265,0.162794,0.484520);(0.030363,0.071362,0.518968);(0.054923,0.054923,0.518968)
(0.000000,0.502820,0.402933);(0.000000,0.447220,0.437381);(0.175534,0.412560,0.437381)
(0.000000,0.447220,0.437381);(0.000000,0.319097,0.460950);(0.125246,0.294367,0.460950)
(0.000000,0.319097,0.460950);(0.000000,0.176471,0.484520);(0.069265,0.162794,0.484520)
(0.000000,0.176471,0.484520);(0.000000,0.077357,0.518968);(0.030363,0.071362,0.518968)
(0.222560,0.523088,-0.488637);(0.000000,0.567033,-0.488637);(0.000000,0.580177,-0.467333)
(0.194985,0.458277,-0.507220);(0.000000,0.496777,-0.507220);(0.000000,0.567033,-0.488637)
(0.126847,0.298131,-0.520365);(0.000000,0.323177,-0.520365);(0.000000,0.496777,-0.507220)
(0.402593,0.402593,-0.488637);(0.222560,0.523088,-0.488637);(0.227720,0.535213,-0.467333)
(0.352711,0.352711,-0.507220);(0.194985,0.458277,-0.507220);(0.222560,0.523088,-0.488637)
(0.229456,0.229456,-0.520365);(0.126847,0.298131,-0.520365);(0.194985,0.458277,-0.507220)
(0.535213,0.227720,-0.467333);(0.523088,0.222560,-0.488637);(0.402593,0.402593,-0.488637)
(0.523088,0.222560,-0.488637);(0.458277,0.194985,-0.507220);(0.352711,0.352711,-0.507220)
(0.458277,0.194985,-0.507220);(0.298131,0.126847,-0.520365);(0.229456,0.229456,-0.520365)
(0.580177,0.000000,-0.467333);(0.567033,0.000000,-0.488637);(0.523088,0.222560,-0.488637)
(0.567033,0.000000,-0.488637);(0.496777,0.000000,-0.507220);(0.458277,0.194985,-0.507220)
(0.496777,0.000000,-0.507220);(0.323177,0.000000,-0.520365);(0.298131,0.126847,-0.520365)
(-0.523088,0.222560,-0.488637);(-0.567033,0.000000,-0.488637);(-0.580177,0.000000,-0.467333)
(-0.458277,0.194985,-0.507220);(-0.496777,0.000000,-0.507220);(-0.567033,0.000000,-0.488637)
(-0.298131,0.126847,-0.520365);(-0.323177,0.000000,-0.520365);(-0.496777,0.000000,-0.507220)
(-0.402593,0.402593,-0.488637);(-0.523088,0.222560,-0.488637);(-0.535213,0.227720,-0.467333)
(-0.352711,0.352711,-0.507220);(-0.458277,0.194985,-0.507220);(-0.523088,0.222560,-0.488637)
(-0.229456,0.229456,-0.520365);(-0.298131,0.126847,-0.520365);(-0.458277,0.194985,-0.507220)
(-0.227720,0.535213,-0.467333);(-0.222560,0.523088,-0.488637);(-0.402593,0.402593,-0.488637)
(-0.222560,0.523088,-0.488637);(-0.194985,0.458277,-0.507220);(-0.352711,0.352711,-0.507220)
(-0.194985,0.458277,-0.507220);(-0.126847,0.298131,-0.520365);(-0.229456,0.229456,-0.520365)
(0.000000,0.580177,-0.467333);(0.000000,0.567033,-0.488637);(-0.222560,0.523088,-0.488637)
(0.000000,0.567033,-0.488637);(0.000000,0.496777,-0.507220);(-0.194985,0.458277,-0.507220)
(0.000000,0.496777,-0.507220);(0.000000,0.323177,-0.520365);(-0.126847,0.298131,-0.520365)
(-0.222560,-0.523088,-0.488637);(0.000000,-0.567033,-0.488637);(0.000000,-0.580177,-0.467333)
(-0.194985,-0.458277,-0.507220);(0.000000,-0.496777,-0.507220);(0.000000,-0.567033,-0.488637)
(-0.126847,-0.298131,-0.520365);(0.000000,-0.323177,-0.520365);(0.000000,-0.496777,-0.507220)
(-0.402593,-0.402593,-0.488637);(-0.222560,-0.523088,-0.488637);(-0.227720,-0.535213,-0.467333)
(-0.352711,-0.352711,-0.507220);(-0.194985,-0.458277,-0.507220);(-0.222560,-0.523088,-0.488637)
(-0.229456,-0.229456,-0.520365);(-0.126847,-0.298131,-0.520365);(-0.194985,-0.458277,-0.507220)
(-0.535213,-0.227720,-0.467333);(-0.523088,-0.222560,-0.488637);(-0.402593,-0.402593,-0.488637)
(-0.523088,-0.222560,-0.488637);(-0.458277,-0.194985,-0.507220);(-0.352711,-0.352711,-0.507220)
(-0.458277,-0.194985,-0.507220);(-0.298131,-0.126847,-0.520365);(-0.229456,-0.229456,-0.520365)
(-0.580177,0.000000,-0.467333);(-0.567033,0.000000,-0.488637);(-0.523088,-0.222560,-0.488637)
(-0.567033,0.000000,-0.488637);(-0.496777,0.000000,-0.507220);(-0.458277,-0.194985,-0.507220)
(-0.496777,0.000000,-0.507220);(-0.323177,0.000000,-0.520365);(-0.298131,-0.126847,-0.520365)
(0.523088,-0.222560,-0.488637);(0.567033,0.000000,-0.488637);(0.580177,0.000000,-0.467333)
(0.458277,-0.194985,-0.507220);(0.496777,0.000000,-0.507220);(0.567033,0.000000,-0.488637)
(0.298131,-0.126847,-0.520365);(0.323177,0.000000,-0.520365);(0.496777,0.000000,-0.507220)
(0.402593,-0.402593,-0.488637);(0.523088,-0.222560,-0.488637);(0.535213,-0.227720,-0.467333)
(0.352711,-0.352711,-0.507220);(0.458277,-0.194985,-0.507220);(0.523088,-0.222560,-0.488637)
(0.229456,-0.229456,-0.520365);(0.298131,-0.126847,-0.520365);(0.458277,-0.194985,-0.507220)
(0.227720,-0.535213,-0.467333);(0.222560,-0.523088,-0.488637);(0.402593,-0.402593,-0.488637)
(0.222560,-0.523088,-0.488637);(0.194985,-0.458277,-0.507220);(0.352711,-0.352711,-0.507220)
(0.194985,-0.458277,-0.507220);(0.126847,-0.298131,-0.520365);(0.229456,-0.229456,-0.520365)
(0.000000,-0.580177,-0.467333);(0.000000,-0.567033,-0.488637);(0.222560,-0.523088,-0.488637)
(0.000000,-0.567033,-0.488637);(0.000000,-0.496777,-0.507220);(0.194985,-0.458277,-0.507220)
(0.000000,-0.496777,-0.507220);(0.000000,-0.323177,-0.520365);(0.126847,-0.298131,-0.520365)